190.02   1
190.02   2
190.02499999999998   3
190.03   4
190.03999999999996   5
190.03999999999996   6
190.03999999999996   7
190.055   8
190.06   9
190.06   10
190.06   11
190.085   12
190.08999999999997   13
190.1   14
190.10499999999996   15
190.11   16
190.11   17
190.115   18
190.115   19
190.11999999999998   20
190.125   21
190.125   22
190.12999999999997   23
190.12999999999997   24
190.135   25
190.135   26
190.14000000000001   27
190.14499999999998   28
190.155   29
190.15999999999997   30
190.15999999999997   31
190.15999999999997   32
190.15999999999997   33
190.165   34
190.17   35
190.17   36
190.175   37
190.175   38
190.18   39
190.18   40
190.18   41
190.19   42
190.19   43
190.19   44
190.2   45
190.2   46
190.20999999999998   47
190.215   48
190.22   49
190.22   50
190.22   51
190.22499999999997   52
190.23   53
190.235   54
190.235   55
190.235   56
190.235   57
190.235   58
190.23999999999998   59
190.23999999999998   60
190.23999999999998   61
190.245   62
190.245   63
190.255   64
190.26   65
190.26   66
190.265   67
190.27   68
190.27   69
190.275   70
190.275   71
190.27999999999997   72
190.285   73
190.28999999999996   74
190.295   75
190.3   76
190.3   77
190.3   78
190.30499999999998   79
190.31   80
190.31   81
190.31   82
190.31   83
190.315   84
190.31999999999996   85
190.32500000000002   86
190.34   87
190.34499999999997   88
190.34499999999997   89
190.35   90
190.35999999999999   91
190.35999999999999   92
190.365   93
190.36999999999998   94
190.375   95
190.375   96
190.38   97
190.38499999999996   98
190.39000000000001   99
190.39000000000001   100
190.39000000000001   101
190.39000000000001   102
190.395   103
190.395   104
190.395   105
190.405   106
190.405   107
190.40999999999997   108
190.415   109
190.42000000000002   110
190.42499999999998   111
190.42499999999998   112
190.42499999999998   113
190.42499999999998   114
190.43   115
190.435   116
190.435   117
190.43999999999997   118
190.43999999999997   119
190.445   120
190.45000000000002   121
190.45000000000002   122
190.45000000000002   123
190.45000000000002   124
190.45499999999998   125
190.45499999999998   126
190.45499999999998   127
190.46   128
190.46   129
190.46499999999997   130
190.46499999999997   131
190.46499999999997   132
190.47   133
190.47   134
190.475   135
190.485   136
190.485   137
190.485   138
190.49499999999998   139
190.49499999999998   140
190.49499999999998   141
190.5   142
190.5   143
190.50499999999997   144
190.50499999999997   145
190.51   146
190.51   147
190.51   148
190.51   149
190.525   150
190.535   151
190.535   152
190.54   153
190.54   154
190.54   155
190.54   156
190.54   157
190.545   158
190.545   159
190.545   160
190.545   161
190.545   162
190.55   163
190.555   164
190.555   165
190.55999999999997   166
190.55999999999997   167
190.55999999999997   168
190.55999999999997   169
190.565   170
190.56999999999996   171
190.56999999999996   172
190.56999999999996   173
190.575   174
190.575   175
190.58   176
190.58   177
190.58   178
190.58499999999998   179
190.59   180
190.59   181
190.59   182
190.595   183
190.595   184
190.605   185
190.605   186
190.605   187
190.605   188
190.605   189
190.61   190
190.61   191
190.61499999999998   192
190.61499999999998   193
190.61499999999998   194
190.635   195
190.635   196
190.635   197
190.64   198
190.64   199
190.645   200
190.645   201
190.65   202
190.65499999999997   203
190.65499999999997   204
190.66   205
190.66   206
190.66   207
190.66499999999996   208
190.66499999999996   209
190.66499999999996   210
190.66499999999996   211
190.67999999999998   212
190.67999999999998   213
190.685   214
190.69   215
190.69   216
190.70000000000002   217
190.70000000000002   218
190.70000000000002   219
190.70499999999998   220
190.71   221
190.715   222
190.715   223
190.715   224
190.725   225
190.725   226
190.73   227
190.73   228
190.73499999999999   229
190.74   230
190.74499999999998   231
190.74499999999998   232
190.75   233
190.755   234
190.75999999999996   235
190.75999999999996   236
190.75999999999996   237
190.75999999999996   238
190.75999999999996   239
190.77499999999998   240
190.77499999999998   241
190.79   242
190.79   243
190.79   244
190.79500000000002   245
190.79500000000002   246
190.79999999999998   247
190.805   248
190.805   249
190.805   250
190.81499999999997   251
190.81499999999997   252
190.82   253
190.82   254
190.825   255
190.825   256
190.83   257
190.83   258
190.835   259
190.835   260
190.83999999999997   261
190.83999999999997   262
190.845   263
190.86499999999998   264
190.86499999999998   265
190.87999999999997   266
190.885   267
190.885   268
190.89000000000001   269
190.89000000000001   270
190.9   271
190.9   272
190.90499999999997   273
190.90499999999997   274
190.90499999999997   275
190.91   276
190.915   277
190.915   278
190.92   279
190.92   280
190.93499999999997   281
190.95000000000002   282
190.95999999999998   283
190.95999999999998   284
190.965   285
190.965   286
190.965   287
190.965   288
190.97499999999997   289
190.97499999999997   290
190.98   291
190.99   292
190.99   293
190.99999999999997   294
190.99999999999997   295
191.015   296
191.015   297
191.015   298
191.015   299
191.03   300
191.03   301
191.035   302
191.035   303
191.03999999999996   304
191.03999999999996   305
191.04500000000002   306
191.05499999999998   307
191.06   308
191.06   309
191.07999999999998   310
191.07999999999998   311
191.09   312
191.09499999999997   313
191.09499999999997   314
191.1   315
191.10499999999996   316
191.10999999999999   317
191.11999999999998   318
191.125   319
191.13   320
191.13   321
191.13499999999996   322
191.13499999999996   323
191.14000000000001   324
191.15   325
191.15   326
191.17000000000002   327
191.17000000000002   328
191.17000000000002   329
191.18   330
191.18   331
191.19   332
191.19   333
191.21   334
191.21   335
191.21499999999997   336
191.22   337
191.22   338
191.22   339
191.22499999999997   340
191.22499999999997   341
191.22499999999997   342
191.23   343
191.23   344
191.23   345
191.245   346
191.26   347
191.26500000000001   348
191.27999999999997   349
191.27999999999997   350
191.285   351
191.285   352
191.3   353
191.30999999999997   354
191.30999999999997   355
191.30999999999997   356
191.315   357
191.32500000000002   358
191.32500000000002   359
191.34   360
191.345   361
191.35999999999999   362
191.365   363
191.365   364
191.37499999999997   365
191.37499999999997   366
191.37499999999997   367
191.38   368
191.395   369
191.39999999999998   370
191.39999999999998   371
191.41   372
191.425   373
191.425   374
191.43999999999997   375
191.45000000000002   376
191.45499999999998   377
191.46   378
191.46   379
191.465   380
191.465   381
191.475   382
191.48   383
191.485   384
191.485   385
191.49   386
191.49499999999998   387
191.5   388
191.5   389
191.50999999999996   390
191.50999999999996   391
191.51999999999998   392
191.53   393
191.54500000000002   394
191.555   395
191.57   396
191.585   397
191.585   398
191.58999999999997   399
191.61   400
191.62999999999997   401
191.635   402
191.65   403
191.66   404
191.665   405
191.67   406
191.675   407
191.67999999999998   408
191.685   409
191.69499999999996   410
191.69499999999996   411
191.725   412
191.73000000000002   413
191.74   414
191.74999999999997   415
191.74999999999997   416
191.77499999999998   417
191.785   418
191.78999999999996   419
191.78999999999996   420
191.78999999999996   421
191.79500000000002   422
191.805   423
191.81   424
191.82   425
191.82999999999998   426
191.835   427
191.865   428
191.875   429
191.875   430
191.875   431
191.87999999999997   432
191.87999999999997   433
191.885   434
191.89499999999998   435
191.90999999999997   436
191.915   437
191.92000000000002   438
191.92000000000002   439
191.92499999999998   440
191.94   441
191.97499999999997   442
191.98999999999998   443
191.995   444
192.01   445
192.015   446
192.02999999999997   447
192.03999999999996   448
192.05   449
192.05499999999998   450
192.065   451
192.08499999999998   452
192.10500000000002   453
192.10999999999999   454
192.10999999999999   455
192.145   456
192.14999999999998   457
192.155   458
192.17000000000002   459
192.18   460
192.18   461
192.185   462
192.18999999999997   463
192.20000000000002   464
192.20499999999998   465
192.23   466
192.235   467
192.24   468
192.275   469
192.305   470
192.30999999999997   471
192.32   472
192.325   473
192.36   474
192.37499999999997   475
192.38   476
192.385   477
192.385   478
192.395   479
192.42000000000002   480
192.42000000000002   481
192.44499999999996   482
192.45000000000002   483
192.46   484
192.46999999999997   485
192.475   486
192.48000000000002   487
192.49499999999998   488
192.5   489
192.52499999999998   490
192.57999999999998   491
192.61   492
192.61499999999998   493
192.64000000000001   494
192.675   495
192.68   496
192.68   497
192.70999999999998   498
192.715   499
192.735   500
192.735   501
192.80499999999998   502
192.81   503
192.82500000000002   504
192.82500000000002   505
192.85999999999999   506
192.86999999999998   507
193.025   508
193.05   509
193.06999999999996   510
193.095   511
193.305   512
193.33   513
193.45000000000002   514
