389.84499999999997   1
389.85   2
389.85999999999996   3
389.865   4
389.87   5
389.87499999999994   6
389.885   7
389.8949999999999   8
389.8949999999999   9
389.8949999999999   10
389.8949999999999   11
389.90500000000003   12
389.92   13
389.92   14
389.92   15
389.92   16
389.92499999999995   17
389.92499999999995   18
389.93   19
389.93   20
389.93   21
389.935   22
389.93999999999994   23
389.93999999999994   24
389.95   25
389.95   26
389.96000000000004   27
389.96999999999997   28
389.96999999999997   29
389.96999999999997   30
389.96999999999997   31
389.96999999999997   32
389.97499999999997   33
389.98   34
389.98   35
389.98   36
389.985   37
389.995   38
390.01   39
390.01   40
390.02500000000003   41
390.02500000000003   42
390.03499999999997   43
390.04   44
390.04   45
390.04   46
390.045   47
390.04999999999995   48
390.04999999999995   49
390.05499999999995   50
390.08   51
390.085   52
390.09000000000003   53
390.09000000000003   54
390.09000000000003   55
390.095   56
390.09999999999997   57
390.105   58
390.11   59
390.11499999999995   60
390.11499999999995   61
390.12   62
390.12   63
390.125   64
390.125   65
390.12999999999994   66
390.145   67
390.145   68
390.145   69
390.15   70
390.15500000000003   71
390.16499999999996   72
390.16499999999996   73
390.17   74
390.17   75
390.185   76
390.19999999999993   77
390.19999999999993   78
390.205   79
390.21   80
390.22   81
390.22   82
390.225   83
390.22999999999996   84
390.235   85
390.235   86
390.24   87
390.24499999999995   88
390.255   89
390.255   90
390.25999999999993   91
390.265   92
390.27   93
390.28000000000003   94
390.285   95
390.285   96
390.285   97
390.285   98
390.28999999999996   99
390.3   100
390.305   101
390.30999999999995   102
390.30999999999995   103
390.32   104
390.32499999999993   105
390.32499999999993   106
390.33500000000004   107
390.34   108
390.34   109
390.345   110
390.345   111
390.35   112
390.35499999999996   113
390.365   114
390.38   115
390.38999999999993   116
390.395   117
390.395   118
390.405   119
390.41   120
390.41   121
390.41   122
390.41   123
390.41   124
390.415   125
390.425   126
390.43   127
390.43   128
390.43499999999995   129
390.43499999999995   130
390.43499999999995   131
390.43499999999995   132
390.44   133
390.44999999999993   134
390.4549999999999   135
390.4549999999999   136
390.465   137
390.475   138
390.48499999999996   139
390.49999999999994   140
390.49999999999994   141
390.49999999999994   142
390.505   143
390.51   144
390.51499999999993   145
390.52   146
390.52500000000003   147
390.52500000000003   148
390.535   149
390.535   150
390.535   151
390.54   152
390.54   153
390.54   154
390.54499999999996   155
390.54499999999996   156
390.54999999999995   157
390.56   158
390.57   159
390.57   160
390.575   161
390.575   162
390.575   163
390.5799999999999   164
390.58500000000004   165
390.58500000000004   166
390.58500000000004   167
390.59000000000003   168
390.59499999999997   169
390.59499999999997   170
390.6   171
390.6   172
390.6   173
390.605   174
390.60999999999996   175
390.61499999999995   176
390.62   177
390.625   178
390.62999999999994   179
390.62999999999994   180
390.635   181
390.6449999999999   182
390.6449999999999   183
390.6449999999999   184
390.65500000000003   185
390.65500000000003   186
390.65999999999997   187
390.65999999999997   188
390.665   189
390.665   190
390.665   191
390.665   192
390.665   193
390.67   194
390.67   195
390.67   196
390.67499999999995   197
390.67499999999995   198
390.685   199
390.685   200
390.69499999999994   201
390.7   202
390.71500000000003   203
390.71500000000003   204
390.72   205
390.73   206
390.735   207
390.735   208
390.745   209
390.745   210
390.75   211
390.75   212
390.75   213
390.75499999999994   214
390.76   215
390.765   216
390.765   217
390.7699999999999   218
390.78000000000003   219
390.78499999999997   220
390.8   221
390.80499999999995   222
390.815   223
390.825   224
390.825   225
390.83   226
390.83   227
390.835   228
390.84000000000003   229
390.84000000000003   230
390.84000000000003   231
390.845   232
390.845   233
390.84999999999997   234
390.855   235
390.86   236
390.86999999999995   237
390.86999999999995   238
390.875   239
390.875   240
390.88   241
390.88499999999993   242
390.89   243
390.895   244
390.9   245
390.90500000000003   246
390.90500000000003   247
390.91   248
390.91499999999996   249
390.91499999999996   250
390.91499999999996   251
390.92   252
390.92   253
390.92   254
390.925   255
390.925   256
390.925   257
390.935   258
390.94   259
390.955   260
390.965   261
390.97   262
390.975   263
390.97999999999996   264
390.985   265
390.99499999999995   266
390.99499999999995   267
391   268
391.005   269
391.005   270
391.02   271
391.025   272
391.025   273
391.03   274
391.03   275
391.035   276
391.035   277
391.035   278
391.04499999999996   279
391.05   280
391.05999999999995   281
391.05999999999995   282
391.065   283
391.07   284
391.07499999999993   285
391.07499999999993   286
391.08500000000004   287
391.09   288
391.09   289
391.095   290
391.10999999999996   291
391.10999999999996   292
391.115   293
391.115   294
391.12   295
391.12   296
391.12   297
391.13999999999993   298
391.13999999999993   299
391.145   300
391.145   301
391.15000000000003   302
391.16999999999996   303
391.18   304
391.195   305
391.2   306
391.21000000000004   307
391.21999999999997   308
391.225   309
391.225   310
391.23499999999996   311
391.245   312
391.24999999999994   313
391.24999999999994   314
391.26499999999993   315
391.2699999999999   316
391.2699999999999   317
391.28   318
391.29999999999995   319
391.31   320
391.31499999999994   321
391.31499999999994   322
391.32   323
391.32   324
391.34000000000003   325
391.34499999999997   326
391.35   327
391.35999999999996   328
391.37   329
391.375   330
391.37999999999994   331
391.385   332
391.39   333
391.3949999999999   334
391.40000000000003   335
391.40500000000003   336
391.40500000000003   337
391.40999999999997   338
391.415   339
391.415   340
391.42   341
391.42   342
391.42   343
391.435   344
391.44   345
391.44499999999994   346
391.45   347
391.455   348
391.47   349
391.47499999999997   350
391.48   351
391.485   352
391.48999999999995   353
391.48999999999995   354
391.48999999999995   355
391.495   356
391.495   357
391.5   358
391.50499999999994   359
391.50999999999993   360
391.50999999999993   361
391.515   362
391.52   363
391.53000000000003   364
391.53000000000003   365
391.535   366
391.545   367
391.55   368
391.55499999999995   369
391.565   370
391.565   371
391.565   372
391.56999999999994   373
391.575   374
391.58   375
391.585   376
391.585   377
391.59999999999997   378
391.61   379
391.615   380
391.625   381
391.63   382
391.63499999999993   383
391.645   384
391.65   385
391.65   386
391.65500000000003   387
391.65500000000003   388
391.66   389
391.67   390
391.67   391
391.67   392
391.67   393
391.69   394
391.69   395
391.705   396
391.71000000000004   397
391.735   398
391.74499999999995   399
391.75   400
391.755   401
391.77   402
391.78   403
391.78   404
391.805   405
391.80999999999995   406
391.80999999999995   407
391.82499999999993   408
391.83500000000004   409
391.84499999999997   410
391.85   411
391.865   412
391.87   413
391.88999999999993   414
391.91999999999996   415
391.92499999999995   416
391.92499999999995   417
391.93   418
391.935   419
391.93999999999994   420
391.93999999999994   421
391.945   422
391.95   423
391.9549999999999   424
391.96500000000003   425
391.975   426
391.98   427
391.98   428
391.98499999999996   429
391.995   430
391.99999999999994   431
391.99999999999994   432
392.00499999999994   433
392.00499999999994   434
392.01   435
392.01   436
392.015   437
392.04   438
392.06499999999994   439
392.07   440
392.09499999999997   441
392.09999999999997   442
392.105   443
392.11499999999995   444
392.12   445
392.12   446
392.12999999999994   447
392.12999999999994   448
392.135   449
392.15500000000003   450
392.17   451
392.17999999999995   452
392.17999999999995   453
392.185   454
392.2   455
392.205   456
392.22   457
392.235   458
392.255   459
392.3   460
392.335   461
392.335   462
392.35   463
392.375   464
392.38499999999993   465
392.4   466
392.40500000000003   467
392.44   468
392.44   469
392.44   470
392.44999999999993   471
392.475   472
392.51   473
392.52   474
392.535   475
392.54499999999996   476
392.54499999999996   477
392.54499999999996   478
392.55999999999995   479
392.565   480
392.58500000000004   481
392.59499999999997   482
392.60999999999996   483
392.6449999999999   484
392.68   485
392.695   486
392.75   487
392.75499999999994   488
392.825   489
392.835   490
392.885   491
392.90500000000003   492
392.925   493
392.95   494
392.955   495
392.97   496
392.97   497
393.015   498
393.035   499
393.045   500
393.08500000000004   501
393.115   502
393.18   503
393.18499999999995   504
393.205   505
393.26   506
393.33500000000004   507
393.35   508
393.385   509
393.40000000000003   510
393.47499999999997   511
393.48   512
393.495   513
393.59999999999997   514
