453.9233013906859   1
453.94165069534284   2
454.21834930465707   3
454.22   4
454.74834930465687   5
454.955   6
455.44165069534296   7
455.743301390686   8
456.1766986093136   9
456.5533013906862   10
457.5983493046569   11
457.7933013906865   12
458.1783493046569   13
458.1883493046568   14
458.283301390686   15
458.301650695343   16
458.3266986093139   17
458.72   18
458.76499999999993   19
458.84   20
458.865   21
458.9941506953432   22
459.16165069534327   23
459.31415069534324   24
459.4833013906866   25
459.55999999999995   26
460.5966986093136   27
460.89330139068636   28
460.95669860931343   29
460.9733013906865   30
461.376698609314   31
461.41499999999996   32
461.485   33
461.5633013906861   34
461.8299999999999   35
461.8933013906861   36
461.9933013906863   37
462.09165069534316   38
462.3141506953433   39
462.5116506953431   40
462.60834930465677   41
462.64   42
462.90330139068624   43
462.96330139068624   44
463.0566986093139   45
463.0633013906861   46
463.10999999999996   47
463.131650695343   48
463.25415069534307   49
463.29999999999995   50
463.30669860931357   51
463.3633013906861   52
463.66   53
463.74499999999995   54
463.8741506953432   55
464.125   56
464.2324999999999   57
464.54499999999996   58
464.56249999999994   59
465.37499999999994   60
465.54249999999996   61
465.9775   62
466.0875   63
466.33750000000003   64
466.375   65
466.52   66
466.7674999999999   67
466.84999999999997   68
467.05249999999995   69
467.06749999999994   70
467.7225   71
467.81999999999994   72
467.81999999999994   73
467.85499999999996   74
467.9175   75
467.94   76
467.99999999999994   77
468.0125   78
468.0799999999999   79
468.135   80
468.13749999999993   81
468.2075   82
468.46   83
468.46   84
468.46   85
468.50999999999993   86
468.61   87
468.6225   88
468.77750000000003   89
468.94249999999994   90
468.9574999999999   91
469.0375   92
469.0375   93
469.08750000000003   94
469.125   95
469.13749999999993   96
469.16   97
469.17999999999995   98
469.2175   99
469.2675   100
469.33750000000003   101
469.38749999999993   102
469.46000000000004   103
469.48749999999995   104
469.5374999999999   105
469.5475   106
469.7674999999999   107
469.88499999999993   108
469.88499999999993   109
469.895   110
469.91499999999996   111
469.96   112
470.03749999999997   113
470.1424999999999   114
470.2049999999999   115
470.31499999999994   116
470.4625   117
470.4625   118
470.5224999999999   119
470.595   120
470.61999999999995   121
470.6675   122
470.67749999999995   123
470.68499999999995   124
470.7375   125
470.995   126
471.105   127
471.14   128
471.23999999999995   129
471.25499999999994   130
471.2925   131
471.32499999999993   132
471.34999999999997   133
471.375   134
471.3974999999999   135
471.44749999999993   136
471.4575   137
471.49499999999995   138
471.49749999999995   139
471.5075   140
471.55999999999995   141
471.5875   142
471.61249999999995   143
471.6225   144
471.62499999999994   145
471.66999999999996   146
471.69249999999994   147
471.7   148
471.7025   149
471.725   150
471.86499999999995   151
471.955   152
471.985   153
472.07499999999993   154
472.095   155
472.11999999999995   156
472.145   157
472.175   158
472.225   159
472.22749999999996   160
472.23749999999995   161
472.2674999999999   162
472.3299999999999   163
472.355   164
472.35749999999996   165
472.3824999999999   166
472.38749999999993   167
472.41249999999997   168
472.43999999999994   169
472.4425   170
472.46999999999997   171
472.53499999999997   172
472.545   173
472.56   174
472.62249999999995   175
472.69499999999994   176
472.7674999999999   177
472.785   178
472.85   179
472.85249999999996   180
472.88249999999994   181
472.8875   182
472.8875   183
472.93249999999995   184
472.9375   185
472.9425   186
472.975   187
473.0025   188
473.005   189
473.05999999999995   190
473.16249999999997   191
473.235   192
473.24249999999995   193
473.33   194
473.3325   195
473.34250000000003   196
473.79499999999996   197
473.805   198
473.81749999999994   199
473.83500000000004   200
473.84499999999997   201
473.85   202
473.86749999999995   203
473.8775   204
473.90000000000003   205
473.9549999999999   206
473.9625   207
473.98999999999995   208
474.0625   209
474.1925   210
474.19999999999993   211
474.4574999999999   212
474.46999999999997   213
474.5825   214
474.67999999999995   215
474.75999999999993   216
474.765   217
474.8675   218
474.99249999999995   219
474.99499999999995   220
475.035   221
475.1   222
475.13749999999993   223
475.21750000000003   224
475.36   225
475.40000000000003   226
475.4575   227
475.6225   228
475.645   229
475.77   230
475.85249999999996   231
476.045   232
476.075   233
476.1075   234
476.2375   235
476.27750000000003   236
476.42749999999995   237
476.42749999999995   238
476.6474999999999   239
476.90500000000003   240
476.93249999999995   241
476.9549999999999   242
476.97   243
477.02750000000003   244
477.1124999999999   245
477.135   246
477.13999999999993   247
477.165   248
477.365   249
477.5199999999999   250
477.5525   251
477.5924999999999   252
477.71999999999997   253
477.73   254
477.73499999999996   255
477.7374999999999   256
477.7475   257
477.77250000000004   258
477.775   259
477.795   260
477.86499999999995   261
477.93499999999995   262
477.96000000000004   263
478.04   264
478.05999999999995   265
478.05999999999995   266
478.13999999999993   267
478.205   268
478.22   269
478.235   270
478.24499999999995   271
478.25   272
478.28   273
478.335   274
478.37   275
478.37499999999994   276
478.42999999999995   277
478.44499999999994   278
478.5199999999999   279
478.56999999999994   280
478.67   281
478.695   282
478.795   283
478.84   284
478.915   285
478.97499999999997   286
479.03000000000003   287
479.06499999999994   288
479.075   289
479.1449999999999   290
479.15000000000003   291
479.155   292
479.18   293
479.18499999999995   294
479.19   295
479.335   296
479.34   297
479.4   298
479.405   299
479.42999999999995   300
479.44   301
479.46999999999997   302
479.53   303
479.59000000000003   304
479.595   305
479.66499999999996   306
479.69499999999994   307
479.7049999999999   308
479.765   309
479.82499999999993   310
479.83   311
479.85999999999996   312
479.88   313
479.9   314
479.97499999999997   315
479.98999999999995   316
480   317
480.025   318
480.025   319
480.03   320
480.03   321
480.145   322
480.15000000000003   323
480.195   324
480.21   325
480.26499999999993   326
480.28999999999996   327
480.31   328
480.33   329
480.34   330
480.38   331
480.49999999999994   332
480.62999999999994   333
480.6449999999999   334
480.66   335
480.74999999999994   336
480.78000000000003   337
480.78499999999997   338
480.78499999999997   339
480.805   340
480.84000000000003   341
480.92999999999995   342
481.07499999999993   343
481.12499999999994   344
481.12999999999994   345
481.13999999999993   346
481.15500000000003   347
481.17499999999995   348
481.22999999999996   349
481.235   350
481.3   351
481.33   352
481.35   353
481.37   354
481.40999999999997   355
481.445   356
481.50499999999994   357
481.56999999999994   358
481.58   359
481.65999999999997   360
481.65999999999997   361
481.89   362
481.94   363
481.945   364
482.025   365
482.06   366
482.17999999999995   367
482.37   368
482.54499999999996   369
482.90999999999997   370
482.93   371
482.94999999999993   372
482.995   373
483.025   374
483.05499999999995   375
483.08   376
483.115   377
483.31999999999994   378
483.31999999999994   379
483.36499999999995   380
483.36999999999995   381
483.56499999999994   382
483.57   383
483.575   384
483.605   385
483.62   386
483.625   387
483.65   388
483.765   389
483.82   390
483.87   391
484.07499999999993   392
484.16499999999996   393
484.185   394
484.215   395
484.38999999999993   396
484.40000000000003   397
484.43999999999994   398
484.44999999999993   399
484.5199999999999   400
484.53999999999996   401
484.545   402
484.645   403
484.655   404
484.76499999999993   405
484.795   406
484.955   407
484.975   408
484.98   409
485.02500000000003   410
485.07499999999993   411
485.14   412
485.265   413
485.28   414
485.29499999999996   415
485.34000000000003   416
485.34999999999997   417
485.40999999999997   418
485.42499999999995   419
485.45   420
485.46000000000004   421
485.50499999999994   422
485.515   423
485.54   424
485.59000000000003   425
485.6   426
485.615   427
485.72499999999997   428
485.72499999999997   429
485.745   430
485.78999999999996   431
485.80499999999995   432
485.84499999999997   433
485.84499999999997   434
485.84499999999997   435
485.87499999999994   436
485.88499999999993   437
485.90999999999997   438
485.9549999999999   439
485.98499999999996   440
486.11   441
486.12999999999994   442
486.155   443
486.175   444
486.26   445
486.295   446
486.305   447
486.31   448
486.375   449
486.42999999999995   450
486.44   451
486.46500000000003   452
486.47999999999996   453
486.48499999999996   454
486.555   455
486.59999999999997   456
486.66499999999996   457
486.765   458
486.885   459
486.92   460
487.15000000000003   461
487.30499999999995   462
487.31999999999994   463
487.48499999999996   464
487.77500000000003   465
487.78000000000003   466
488.07   467
488.12999999999994   468
488.17499999999995   469
488.25   470
488.365   471
488.50499999999994   472
488.58   473
489.21999999999997   474
489.32499999999993   475
489.515   476
489.57   477
489.57499999999993   478
489.61499999999995   479
489.725   480
489.78   481
490.12499999999994   482
490.21999999999997   483
490.245   484
490.245   485
490.39   486
490.475   487
490.77   488
491.09999999999997   489
491.625   490
491.65000000000003   491
491.705   492
491.76   493
491.875   494
492.12   495
492.37   496
492.985   497
493.36999999999995   498
494.08   499
494.13999999999993   500
495.73   501
