427.216671513282   1
428.6083357566409   2
428.6933284867181   3
428.701664243359   4
428.72332848671806   5
428.91416424335904   6
428.9216642433591   7
428.95416424335906   8
429.07   9
429.2433284867178   10
429.715   11
430.0566715132822   12
430.12999999999994   13
430.23332848671805   14
430.26833575664085   15
430.2699999999999   16
430.2733284867181   17
430.29833575664094   18
430.30667151328197   19
430.345   20
430.4366715132819   21
430.4983357566409   22
430.51499999999993   23
430.52833575664084   24
430.5316642433591   25
430.53667151328176   26
430.54833575664094   27
430.54833575664094   28
430.5666715132818   29
430.57   30
430.5933284867182   31
430.635   32
430.67166424335903   33
430.678335756641   34
430.7041642433589   35
430.71332848671796   36
430.718335756641   37
430.7266715132821   38
430.7316642433589   39
430.7333284867178   40
430.75833575664103   41
430.8116642433589   42
430.8299999999999   43
430.8366715132821   44
430.841664243359   45
430.841664243359   46
430.84999999999997   47
430.8683357566411   48
430.878335756641   49
430.88416424335895   50
430.89416424335883   51
430.90833575664107   52
430.9183357566411   53
430.92166424335886   54
430.93416424335885   55
430.9433284867176   56
430.9733284867177   57
430.9841642433589   58
430.9983357566411   59
431.0383357566412   60
431.03999999999996   61
431.0416642433588   62
431.05332848671753   63
431.06667151328236   64
431.06999999999994   65
431.08416424335877   66
431.1066715132825   67
431.1066715132825   68
431.16332848671766   69
431.1883357566411   70
431.21667151328217   71
431.2183357566411   72
431.28   73
431.285   74
431.3233284867178   75
431.90332848671835   76
431.9466715132816   77
432.1016642433591   78
433.47166424335916   79
433.53416424335916   80
433.65000000000003   81
434.06416424335896   82
434.67   83
435.466671513282   84
435.5666715132821   85
435.68332848671804   86
435.73   87
435.7983357566408   88
436.0233284867181   89
436.18667151328196   90
436.3016642433591   91
436.50332848671815   92
436.5866715132819   93
436.76667151328166   94
436.804164243359   95
436.88   96
437.8433284867182   97
437.8983357566409   98
437.90667151328176   99
438.1216642433591   100
438.2041642433591   101
438.22166424335916   102
438.2366715132817   103
438.27667151328166   104
438.4266715132818   105
438.56   106
438.586671513282   107
438.6533284867182   108
438.71   109
438.748335756641   110
438.84833575664106   111
438.8641642433589   112
438.94   113
438.955   114
438.99667151328185   115
439.01833575664085   116
439.0383357566409   117
439.08500000000004   118
439.09166424335905   119
439.13416424335907   120
439.25166424335913   121
439.2616642433592   122
439.295   123
439.30166424335926   124
439.3316642433592   125
439.33833575664073   126
439.3733284867185   127
439.4166715132816   128
439.42667151328163   129
439.42999999999995   130
439.45   131
439.46   132
439.59   133
439.61999999999995   134
439.6216642433592   135
439.62332848671844   136
439.66999999999996   137
439.6766715132816   138
439.6766715132816   139
439.68166424335914   140
439.6833284867183   141
439.6916642433592   142
439.7016642433592   143
439.7233284867185   144
439.74   145
439.7941642433591   146
439.80332848671827   147
439.80833575664076   148
439.8366715132818   149
439.88999999999993   150
439.9016642433592   151
439.96000000000004   152
439.991664243359   153
439.9933284867181   154
440.00667151328196   155
440.00667151328196   156
440.07416424335906   157
440.09332848671806   158
440.14667151328206   159
440.1566715132821   160
440.17   161
440.17999999999995   162
440.18332848671804   163
440.211664243359   164
440.2483357566409   165
440.28000000000003   166
440.30833575664093   167
440.32499999999993   168
440.34332848671795   169
440.368335756641   170
440.37416424335896   171
440.3866715132821   172
440.3983357566411   173
440.43667151328214   174
440.46416424335894   175
440.51416424335895   176
440.63166424335907   177
440.6366715132817   178
440.75   179
440.8333284867183   180
440.8333284867183   181
440.85332848671834   182
440.89332848671836   183
440.93416424335925   184
440.95833575664074   185
441.01667151328144   186
441.0333284867185   187
441.05833575664076   188
441.08332848671824   189
441.09667151328176   190
441.1216642433591   191
441.22332848671846   192
441.27166424335917   193
441.27332848671836   194
441.29166424335915   195
441.31332848671815   196
441.3299999999999   197
441.3483357566409   198
441.3866715132817   199
441.4033284867182   200
441.428335756641   201
441.46000000000004   202
441.495   203
441.5733284867181   204
441.81166424335896   205
441.8366715132821   206
441.9816642433589   207
442.01   208
442.06667151328213   209
442.0683357566411   210
442.1   211
442.15000000000003   212
442.25667151328184   213
442.3016642433591   214
442.4416642433592   215
442.67332848671845   216
442.74332848671816   217
443.5983357566409   218
444.07332848671814   219
444.1366715132816   220
444.2   221
444.23499999999996   222
444.411664243359   223
444.434164243359   224
444.55499999999995   225
444.6416642433588   226
444.73667151328215   227
444.838335756641   228
444.96000000000004   229
445.43   230
445.75416424335896   231
445.87999999999994   232
446.1283357566411   233
446.1833284867178   234
446.37   235
447.465   236
447.87332848671764   237
447.8783357566411   238
447.92667151328226   239
447.98   240
448.426671513282   241
448.5233284867179   242
448.584164243359   243
448.70416424335906   244
448.7183357566409   245
448.72667151328176   246
448.84166424335893   247
448.895   248
448.8966715132822   249
448.94667151328207   250
449.0516642433588   251
449.0533284867177   252
449.165   253
449.21332848671756   254
449.25   255
449.26   256
449.2699999999999   257
449.55499999999995   258
449.71999999999997   259
449.80166424335886   260
449.8141642433588   261
449.8333284867178   262
449.8566715132821   263
449.93   264
449.93416424335896   265
449.97166424335904   266
450.09833575664095   267
450.1383357566411   268
450.18332848671804   269
450.2116642433591   270
450.26833575664085   271
450.275   272
450.285   273
450.35   274
450.35166424335904   275
450.41999999999996   276
450.51416424335883   277
450.6816642433588   278
451.0083357566411   279
451.02332848671773   280
451.2166715132822   281
451.7116642433591   282
451.87332848671815   283
452.09332848671795   284
452.178335756641   285
452.3433284867176   286
452.4166715132824   287
452.55999999999995   288
452.6216642433589   289
452.6216642433589   290
452.6433284867177   291
452.74833575664115   292
452.7666715132823   293
452.7741642433589   294
452.934164243359   295
453.0233284867179   296
453.1166715132821   297
453.271664243359   298
453.368335756641   299
453.5166715132822   300
453.5666715132822   301
453.56833575664103   302
453.59000000000003   303
453.595   304
453.62999999999994   305
453.63416424335867   306
453.7216642433588   307
453.72999999999996   308
453.8083357566411   309
453.915   310
453.97833575664134   311
453.9966715132826   312
454.005   313
454.07   314
454.1   315
454.1066715132825   316
454.1633284867175   317
454.1883357566412   318
454.2183357566412   319
454.275   320
454.30833575664116   321
454.32166424335884   322
454.3316642433588   323
454.33416424335877   324
454.4333284867178   325
454.47   326
454.52   327
454.5833284867179   328
454.6016642433589   329
454.61999999999995   330
454.6341642433589   331
454.73667151328215   332
454.75166424335896   333
454.87999999999994   334
455.13416424335867   335
455.1533284867176   336
455.1616642433588   337
455.18166424335874   338
455.1933284867175   339
455.365   340
455.3941642433587   341
455.4883357566413   342
455.54166424335887   343
455.54332848671777   344
455.6333284867176   345
455.7866715132823   346
455.80416424335874   347
455.80499999999995   348
455.8283357566411   349
455.86   350
455.958335756641   351
456.03   352
456.05332848671793   353
456.073328486718   354
456.0916642433591   355
456.1016642433591   356
456.10332848671817   357
456.10999999999996   358
456.1116642433591   359
456.13166424335907   360
456.13416424335907   361
456.1716642433591   362
456.1966715132818   363
456.2116642433591   364
456.2166715132819   365
456.2266715132819   366
456.27833575664096   367
456.29667151328186   368
456.33416424335894   369
456.33667151328206   370
456.39   371
456.44667151328196   372
456.4716642433591   373
456.53000000000003   374
456.53166424335905   375
456.534164243359   376
456.56999999999994   377
456.57499999999993   378
456.5883357566411   379
456.61166424335886   380
456.6333284867177   381
456.63999999999993   382
456.7083357566411   383
456.71667151328217   384
456.75332848671803   385
456.75667151328196   386
456.77166424335894   387
456.85   388
456.85   389
456.9083357566411   390
456.95667151328234   391
456.95833575664125   392
456.9616642433588   393
456.9766715132824   394
457.05667151328214   395
457.1416642433589   396
457.15500000000003   397
457.16833575664106   398
457.17332848671793   399
457.176671513282   400
457.185   401
457.27   402
457.344164243359   403
457.3533284867178   404
457.3666715132821   405
457.49332848671804   406
457.513328486718   407
457.61166424335903   408
457.6766715132821   409
457.72416424335904   410
457.91   411
457.918335756641   412
457.94   413
457.95332848671796   414
458.011664243359   415
458.148335756641   416
458.164164243359   417
458.24332848671776   418
458.2816642433589   419
458.3083357566411   420
458.38667151328195   421
458.48   422
458.69499999999994   423
458.74166424335897   424
458.761664243359   425
458.85999999999996   426
459.03   427
459.12332848671826   428
459.36   429
459.621664243359   430
459.8133284867179   431
459.875   432
459.9033284867178   433
459.92833575664105   434
459.99499999999995   435
460.04332848671794   436
460.0666715132822   437
460.0933284867177   438
460.1016642433588   439
460.1416642433588   440
460.1833284867176   441
460.20833575664113   442
460.23667151328215   443
460.27500000000003   444
460.27833575664107   445
460.31416424335885   446
460.34332848671795   447
460.38667151328195   448
460.3883357566409   449
460.49166424335897   450
460.49166424335897   451
460.5   452
460.5133284867179   453
460.51667151328195   454
460.523328486718   455
460.58166424335906   456
460.61499999999995   457
460.7066715132816   458
460.72416424335916   459
460.74667151328174   460
460.7966715132818   461
460.80667151328186   462
460.8133284867181   463
460.84332848671806   464
460.85332848671794   465
460.97667151328176   466
460.97999999999996   467
460.9816642433591   468
460.9816642433591   469
460.99332848671816   470
460.99999999999994   471
461.053328486718   472
461.11667151328186   473
461.11667151328186   474
461.12499999999994   475
461.134164243359   476
461.17499999999995   477
461.18999999999994   478
461.19166424335896   479
461.1933284867179   480
461.19833575664103   481
461.235   482
461.2433284867179   483
461.2516642433589   484
461.2516642433589   485
461.30667151328214   486
461.3116642433589   487
461.37999999999994   488
461.40500000000003   489
461.4133284867177   490
461.42166424335886   491
461.4266715132822   492
461.47416424335887   493
461.5066715132822   494
461.5141642433589   495
461.53000000000003   496
461.5641642433589   497
461.5683357566411   498
461.5683357566411   499
461.58   500
461.6066715132824   501
461.6833284867178   502
461.7183357566411   503
461.7216642433589   504
461.74999999999994   505
461.77332848671756   506
461.78   507
461.7916642433588   508
461.82   509
461.8483357566412   510
461.8716642433589   511
461.878335756641   512
461.8816642433589   513
461.92   514
461.93332848671776   515
461.9466715132821   516
461.95   517
461.97667151328204   518
462.03332848671806   519
462.036671513282   520
462.046671513282   521
462.05499999999995   522
462.07166424335895   523
462.073328486718   524
462.073328486718   525
462.10667151328204   526
462.13   527
462.164164243359   528
462.166671513282   529
462.1783357566409   530
462.19667151328173   531
462.27   532
462.27416424335917   533
462.27667151328166   534
462.285   535
462.35667151328187   536
462.36999999999995   537
462.464164243359   538
462.465   539
462.471664243359   540
462.54332848671817   541
462.5616642433591   542
462.61499999999995   543
462.62332848671815   544
462.68667151328196   545
462.7699999999999   546
462.7699999999999   547
462.7733284867179   548
462.845   549
462.9166715132821   550
462.92999999999995   551
462.96000000000004   552
462.96000000000004   553
462.9933284867179   554
463.00833575664103   555
463.0183357566411   556
463.03   557
463.0366715132822   558
463.07   559
463.1233284867177   560
463.12833575664115   561
463.18166424335897   562
463.18166424335897   563
463.18499999999995   564
463.18667151328196   565
463.206671513282   566
463.211664243359   567
463.2466715132821   568
463.28332848671806   569
463.32166424335895   570
463.34999999999997   571
463.3566715132821   572
463.36499999999995   573
463.37999999999994   574
463.4216642433589   575
463.4216642433589   576
463.47   577
463.5566715132821   578
463.63   579
463.656671513282   580
463.66   581
463.67999999999995   582
463.73833575664094   583
463.74332848671816   584
463.76166424335906   585
463.7683357566409   586
463.8083357566409   587
463.83166424335906   588
463.83833575664084   589
463.8683357566409   590
463.8866715132816   591
463.91833575664083   592
463.9716642433591   593
463.98667151328186   594
464.04332848671817   595
464.04667151328175   596
464.06833575664086   597
464.11   598
464.1233284867179   599
464.19166424335907   600
464.2166715132818   601
464.2333284867182   602
464.2583357566408   603
464.2666715132817   604
464.2816642433591   605
464.2933284867181   606
464.35667151328215   607
464.3666715132821   608
464.4266715132821   609
464.458335756641   610
464.49999999999994   611
464.51667151328195   612
464.5633284867178   613
464.56833575664103   614
464.63667151328207   615
464.63667151328207   616
464.6666715132822   617
464.6866715132822   618
464.7283357566411   619
464.79   620
464.83416424335894   621
464.86416424335886   622
464.8766715132821   623
464.8841642433589   624
464.888335756641   625
464.96   626
464.97   627
465.0666715132817   628
465.07332848671825   629
465.08833575664084   630
465.15416424335916   631
465.19332848671837   632
465.21667151328154   633
465.22833575664083   634
465.3816642433592   635
465.43833575664075   636
465.48   637
465.49416424335925   638
465.49833575664076   639
465.51416424335923   640
465.5199999999999   641
465.53499999999997   642
465.5833284867184   643
465.6266715132816   644
465.66667151328164   645
465.67   646
465.74416424335914   647
465.785   648
465.8116642433591   649
465.8283357566409   650
465.8875   651
465.88999999999993   652
465.895   653
465.90000000000003   654
465.91   655
465.925   656
465.9375   657
466.0175   658
466.02750000000003   659
466.02750000000003   660
466.03749999999997   661
466.04   662
466.09499999999997   663
466.10999999999996   664
466.11499999999995   665
466.1375   666
466.2175   667
466.2675   668
466.345   669
466.3525   670
466.395   671
466.3975   672
466.40250000000003   673
466.43499999999995   674
466.43499999999995   675
466.465   676
466.4725   677
466.47749999999996   678
466.4825   679
466.5025   680
466.51499999999993   681
466.555   682
466.57499999999993   683
466.5825   684
466.58750000000003   685
466.59499999999997   686
466.62   687
466.6425   688
466.645   689
466.645   690
466.66249999999997   691
466.66249999999997   692
466.66999999999996   693
466.67249999999996   694
466.68   695
466.68749999999994   696
466.70249999999993   697
466.7325   698
466.73499999999996   699
466.73749999999995   700
466.74   701
466.78499999999997   702
466.78499999999997   703
466.79249999999996   704
466.80249999999995   705
466.80749999999995   706
466.80749999999995   707
466.8125   708
466.8275   709
466.83500000000004   710
466.855   711
466.85999999999996   712
466.8625   713
466.86499999999995   714
466.8974999999999   715
466.90749999999997   716
466.90749999999997   717
466.92   718
466.92499999999995   719
466.9425   720
466.97499999999997   721
467.0225   722
467.0425   723
467.045   724
467.07499999999993   725
467.10499999999996   726
467.10749999999996   727
467.11749999999995   728
467.11999999999995   729
467.13499999999993   730
467.16   731
467.16999999999996   732
467.175   733
467.17999999999995   734
467.18249999999995   735
467.18499999999995   736
467.21000000000004   737
467.2175   738
467.23249999999996   739
467.24749999999995   740
467.2725   741
467.275   742
467.28249999999997   743
467.29   744
467.37   745
467.37749999999994   746
467.3875   747
467.3924999999999   748
467.40999999999997   749
467.4225   750
467.43999999999994   751
467.46000000000004   752
467.475   753
467.4775   754
467.48999999999995   755
467.51   756
467.52750000000003   757
467.53000000000003   758
467.57749999999993   759
467.60249999999996   760
467.60249999999996   761
467.6225   762
467.6375   763
467.6424999999999   764
467.6424999999999   765
467.6424999999999   766
467.6449999999999   767
467.66249999999997   768
467.66249999999997   769
467.6875   770
467.69249999999994   771
467.6975   772
467.71500000000003   773
467.75749999999994   774
467.7724999999999   775
467.78000000000003   776
467.835   777
467.83750000000003   778
467.845   779
467.84749999999997   780
467.86249999999995   781
467.88499999999993   782
467.8924999999999   783
467.92749999999995   784
467.93   785
467.9625   786
467.975   787
468.00249999999994   788
468.0275   789
468.03   790
468.04499999999996   791
468.055   792
468.05999999999995   793
468.09499999999997   794
468.1   795
468.1275   796
468.1275   797
468.1325   798
468.13999999999993   799
468.15749999999997   800
468.165   801
468.165   802
468.1775   803
468.1825   804
468.1925   805
468.21500000000003   806
468.21500000000003   807
468.225   808
468.24249999999995   809
468.245   810
468.2575   811
468.2625   812
468.2699999999999   813
468.2825   814
468.2975   815
468.29999999999995   816
468.31999999999994   817
468.33   818
468.38499999999993   819
468.38749999999993   820
468.38749999999993   821
468.4125   822
468.41499999999996   823
468.42249999999996   824
468.45249999999993   825
468.4575   826
468.46500000000003   827
468.4824999999999   828
468.4824999999999   829
468.5   830
468.5075   831
468.50999999999993   832
468.5425   833
468.545   834
468.56249999999994   835
468.5825   836
468.63   837
468.6775   838
468.6875   839
468.72999999999996   840
468.76249999999993   841
468.7675   842
468.79499999999996   843
468.81499999999994   844
468.84749999999997   845
468.85   846
468.855   847
468.88249999999994   848
468.91249999999997   849
468.915   850
468.9549999999999   851
468.96999999999997   852
468.99249999999995   853
469.06999999999994   854
469.075   855
469.075   856
469.07749999999993   857
469.09000000000003   858
469.1825   859
469.185   860
469.215   861
469.2375   862
469.2475   863
469.265   864
469.275   865
469.27750000000003   866
469.30749999999995   867
469.30999999999995   868
469.32   869
469.34   870
469.35749999999996   871
469.41999999999996   872
469.43   873
469.47749999999996   874
469.51499999999993   875
469.5625   876
469.57   877
469.5824999999999   878
469.6025   879
469.6125   880
469.61499999999995   881
469.62999999999994   882
469.68999999999994   883
469.8324999999999   884
469.86499999999995   885
469.86749999999995   886
469.8775   887
469.9125   888
469.92249999999996   889
469.9275   890
469.98249999999996   891
470.0075   892
470.01499999999993   893
470.01499999999993   894
470.02   895
470.05   896
470.1   897
470.13999999999993   898
470.15000000000003   899
470.16999999999996   900
470.1775   901
470.28749999999997   902
470.40000000000003   903
470.4375   904
470.45   905
470.525   906
470.55499999999995   907
470.63499999999993   908
470.67999999999995   909
470.69999999999993   910
470.815   911
470.815   912
470.87   913
470.96500000000003   914
470.975   915
471.06   916
471.105   917
471.15999999999997   918
471.185   919
471.235   920
471.275   921
471.32499999999993   922
471.49999999999994   923
471.56499999999994   924
471.57499999999993   925
471.62499999999994   926
471.68999999999994   927
471.78000000000003   928
471.78499999999997   929
471.84000000000003   930
471.90000000000003   931
471.935   932
471.95   933
471.98999999999995   934
472.05   935
472.06999999999994   936
472.38999999999993   937
472.43999999999994   938
472.56   939
472.705   940
472.71   941
472.74499999999995   942
472.755   943
472.77   944
472.80999999999995   945
472.86999999999995   946
473.18999999999994   947
473.44   948
473.47999999999996   949
473.485   950
473.535   951
473.57   952
473.66999999999996   953
473.74999999999994   954
473.7699999999999   955
473.92499999999995   956
473.98   957
474.00999999999993   958
474.03000000000003   959
474.06   960
474.11999999999995   961
474.16499999999996   962
474.26499999999993   963
474.29499999999996   964
474.415   965
474.41999999999996   966
474.44999999999993   967
474.51   968
474.605   969
474.6449999999999   970
474.85499999999996   971
474.94999999999993   972
474.985   973
475.16999999999996   974
475.2049999999999   975
475.34999999999997   976
475.355   977
475.40000000000003   978
475.59   979
475.66999999999996   980
475.82   981
476.075   982
476.22999999999996   983
476.295   984
476.405   985
476.685   986
477.07499999999993   987
477.08   988
477.15   989
477.23999999999995   990
477.25499999999994   991
478.005   992
478.09999999999997   993
478.135   994
478.235   995
478.25   996
479.01   997
479.01499999999993   998
479.29999999999995   999
479.46000000000004   1000
