231.71499999999997   1
231.73   2
231.74   3
231.76   4
231.76999999999998   5
231.78   6
231.79999999999998   7
231.825   8
231.83   9
231.83499999999998   10
231.84999999999997   11
231.84999999999997   12
231.86   13
231.87   14
231.90499999999997   15
231.975   16
232.02499999999998   17
232.03999999999996   18
232.095   19
232.1   20
232.11499999999998   21
232.11999999999998   22
232.125   23
232.14499999999998   24
232.165   25
232.30499999999998   26
232.31   27
232.31   28
232.32999999999998   29
232.365   30
232.365   31
232.38499999999996   32
232.43999999999997   33
232.45   34
232.45499999999998   35
232.47   36
232.50499999999997   37
232.50499999999997   38
232.51   39
232.52999999999997   40
232.58499999999998   41
232.60999999999999   42
232.98499999999999   43
232.99999999999997   44
233.005   45
233.02499999999998   46
233.02499999999998   47
233.03   48
233.03999999999996   49
233.05   50
233.07500000000002   51
233.07999999999998   52
233.09   53
233.09499999999997   54
233.09499999999997   55
233.1   56
233.125   57
233.14000000000001   58
233.14499999999998   59
233.14499999999998   60
233.15   61
233.155   62
233.15999999999997   63
233.15999999999997   64
233.165   65
233.17000000000002   66
233.2   67
233.21   68
233.21   69
233.21   70
233.23   71
233.26   72
233.3   73
233.30499999999998   74
233.30499999999998   75
233.31   76
233.31   77
233.315   78
233.33   79
233.33499999999998   80
233.34   81
233.37499999999997   82
233.38   83
233.41499999999996   84
233.42499999999998   85
233.42499999999998   86
233.435   87
233.46999999999997   88
233.46999999999997   89
233.475   90
233.475   91
233.49499999999998   92
233.49499999999998   93
233.50499999999997   94
233.51999999999998   95
233.53499999999997   96
233.54   97
233.555   98
233.55999999999997   99
233.55999999999997   100
233.565   101
233.57   102
233.575   103
233.575   104
233.575   105
233.595   106
233.59999999999997   107
233.62499999999997   108
233.62999999999997   109
233.645   110
233.65   111
233.66   112
233.66   113
233.66   114
233.675   115
233.70000000000002   116
233.715   117
233.71999999999997   118
233.73000000000002   119
233.73499999999999   120
233.73499999999999   121
233.73499999999999   122
233.74   123
233.77   124
233.78   125
233.78   126
233.78499999999997   127
233.805   128
233.82999999999998   129
233.83999999999997   130
233.855   131
233.86   132
233.86999999999998   133
233.905   134
233.92   135
233.94499999999996   136
233.955   137
233.955   138
233.965   139
233.965   140
233.97499999999997   141
233.985   142
234.005   143
234.02999999999997   144
234.03999999999996   145
234.18   146
234.2   147
234.22   148
234.235   149
234.25499999999997   150
234.25499999999997   151
234.26   152
234.27999999999997   153
234.27999999999997   154
234.295   155
234.3   156
234.305   157
234.30999999999997   158
234.31999999999996   159
234.325   160
234.33   161
234.34   162
234.34999999999997   163
234.34999999999997   164
234.35500000000002   165
234.36499999999998   166
234.36499999999998   167
234.37   168
234.37499999999997   169
234.38   170
234.38   171
234.395   172
234.39999999999998   173
234.39999999999998   174
234.40499999999997   175
234.41   176
234.41   177
234.41499999999996   178
234.425   179
234.425   180
234.42999999999998   181
234.43999999999997   182
234.44499999999996   183
234.45000000000002   184
234.46   185
234.465   186
234.46999999999997   187
234.475   188
234.48499999999999   189
234.48499999999999   190
234.49   191
234.5   192
234.505   193
234.51500000000001   194
234.51500000000001   195
234.52499999999998   196
234.53499999999997   197
234.555   198
234.595   199
234.59999999999997   200
234.59999999999997   201
234.605   202
234.62   203
234.62999999999997   204
234.635   205
234.65   206
234.665   207
234.67   208
234.68   209
234.68499999999997   210
234.69   211
234.705   212
234.705   213
234.70999999999998   214
234.70999999999998   215
234.715   216
234.73499999999999   217
234.74999999999997   218
234.77   219
234.785   220
234.79500000000002   221
234.8   222
234.80499999999998   223
234.80499999999998   224
234.81   225
234.835   226
234.84   227
234.84499999999997   228
234.84499999999997   229
234.855   230
234.865   231
234.86999999999998   232
234.875   233
234.88   234
234.89000000000001   235
234.89499999999998   236
234.89999999999998   237
234.905   238
234.905   239
234.90999999999997   240
234.92000000000002   241
234.92499999999998   242
234.93   243
234.93999999999997   244
234.955   245
234.97499999999997   246
234.98   247
235   248
235.00499999999997   249
235.00499999999997   250
235.01999999999998   251
235.01999999999998   252
235.02999999999997   253
235.04   254
235.045   255
235.05   256
235.05499999999998   257
235.05999999999997   258
235.05999999999997   259
235.065   260
235.06999999999996   261
235.07500000000002   262
235.07500000000002   263
235.115   264
235.115   265
235.115   266
235.12499999999997   267
235.12499999999997   268
235.13   269
235.14   270
235.16   271
235.16499999999996   272
235.17000000000002   273
235.18999999999997   274
235.23   275
235.25   276
235.25   277
235.26999999999998   278
235.33999999999997   279
235.345   280
235.345   281
235.355   282
235.355   283
235.36   284
235.36   285
235.36499999999998   286
235.37499999999997   287
235.37999999999997   288
235.37999999999997   289
235.37999999999997   290
235.4   291
235.40499999999997   292
235.42   293
235.435   294
235.44499999999996   295
235.495   296
235.535   297
235.54500000000002   298
235.605   299
235.61   300
235.625   301
235.62999999999997   302
235.64000000000001   303
235.64499999999998   304
235.64499999999998   305
235.65   306
235.67499999999998   307
235.68   308
235.68   309
235.70999999999998   310
235.70999999999998   311
235.72499999999997   312
235.73999999999998   313
235.73999999999998   314
235.75499999999997   315
235.765   316
235.765   317
235.77   318
235.78999999999996   319
235.80499999999998   320
235.82500000000002   321
235.84   322
235.85   323
235.85500000000002   324
235.86999999999998   325
235.87499999999997   326
235.89000000000001   327
235.93999999999997   328
235.95499999999998   329
235.99499999999998   330
236.00499999999997   331
236.01999999999998   332
236.03499999999997   333
236.03499999999997   334
236.04   335
236.045   336
236.05   337
236.055   338
236.06999999999996   339
236.075   340
236.11   341
236.11499999999998   342
236.11499999999998   343
236.12499999999997   344
236.12499999999997   345
236.13   346
236.14   347
236.16499999999996   348
236.215   349
236.23499999999999   350
236.23499999999999   351
236.23499999999999   352
236.24   353
236.27   354
236.27   355
236.29   356
236.29999999999998   357
236.32   358
236.32   359
236.345   360
236.35   361
236.355   362
236.36499999999998   363
236.385   364
236.385   365
236.385   366
236.39000000000001   367
236.39499999999998   368
236.4   369
236.42   370
236.45999999999998   371
236.465   372
236.465   373
236.47499999999997   374
236.47499999999997   375
236.49999999999997   376
236.505   377
236.52499999999998   378
236.52499999999998   379
236.52999999999997   380
236.52999999999997   381
236.56   382
236.56999999999996   383
236.57500000000002   384
236.57999999999998   385
236.605   386
236.61999999999998   387
236.63   388
236.64000000000001   389
236.64499999999998   390
236.65999999999997   391
236.67000000000002   392
236.68   393
236.68   394
236.705   395
236.71   396
236.72499999999997   397
236.735   398
236.735   399
236.75   400
236.775   401
236.775   402
236.77999999999997   403
236.8   404
236.80499999999998   405
236.85500000000002   406
236.85500000000002   407
236.85500000000002   408
236.85999999999999   409
236.89   410
237.05999999999997   411
237.07   412
237.075   413
237.075   414
237.085   415
237.08999999999997   416
237.12   417
237.15499999999997   418
237.175   419
237.17999999999998   420
237.19   421
237.20999999999998   422
237.24   423
237.255   424
237.28   425
237.33999999999997   426
237.34499999999997   427
237.35   428
237.365   429
237.38499999999996   430
237.4   431
237.415   432
237.43499999999997   433
237.43499999999997   434
237.45999999999998   435
237.47499999999997   436
237.60500000000002   437
237.615   438
237.64999999999998   439
237.67499999999998   440
237.70000000000002   441
237.70499999999998   442
237.70499999999998   443
237.72   444
237.76500000000001   445
237.83499999999998   446
237.895   447
237.95999999999998   448
237.96999999999997   449
238.02   450
238.03499999999997   451
238.095   452
238.105   453
238.14499999999998   454
238.22   455
238.23499999999999   456
238.28999999999996   457
238.36999999999998   458
238.395   459
238.45   460
238.455   461
238.46999999999997   462
238.495   463
238.50999999999996   464
238.54500000000002   465
238.55   466
238.575   467
238.59   468
238.605   469
238.625   470
238.65   471
238.675   472
238.67999999999998   473
238.695   474
238.78   475
238.78   476
238.805   477
238.89999999999998   478
239.035   479
239.055   480
239.06999999999996   481
239.21999999999997   482
239.25999999999996   483
239.62499999999997   484
239.81   485
239.92000000000002   486
240.05999999999997   487
240.19   488
240.435   489
240.45   490
240.59499999999997   491
240.7   492
240.84999999999997   493
240.97   494
241.09999999999997   495
241.10999999999999   496
241.17000000000002   497
241.18   498
241.22   499
242.53   500
242.555   501
