132.86249999999998   1
132.875   2
132.8825   3
132.88499999999996   4
132.8975   5
132.89999999999998   6
132.90249999999997   7
132.905   8
132.92000000000002   9
132.92000000000002   10
132.9325   11
132.935   12
132.93999999999997   13
132.945   14
132.95   15
132.955   16
132.955   17
132.955   18
132.9575   19
132.9575   20
132.96   21
132.9625   22
132.9625   23
132.96499999999997   24
132.96499999999997   25
132.96499999999997   26
132.96499999999997   27
132.96499999999997   28
132.96749999999997   29
132.96749999999997   30
132.96749999999997   31
132.96749999999997   32
132.96749999999997   33
132.97   34
132.97   35
132.97   36
132.9725   37
132.9725   38
132.975   39
132.975   40
132.975   41
132.97999999999996   42
132.97999999999996   43
132.98249999999996   44
132.98249999999996   45
132.985   46
132.985   47
132.99   48
132.99749999999997   49
132.99749999999997   50
133   51
133.0025   52
133.00499999999997   53
133.00749999999996   54
133.00749999999996   55
133.00749999999996   56
133.0125   57
133.01500000000001   58
133.01500000000001   59
133.01500000000001   60
133.0175   61
133.035   62
133.03749999999997   63
133.0475   64
133.05249999999998   65
133.05249999999998   66
133.055   67
133.055   68
133.0575   69
133.065   70
133.075   71
133.075   72
133.075   73
133.07749999999996   74
133.08   75
133.0825   76
133.0825   77
133.08499999999998   78
133.08749999999998   79
133.08749999999998   80
133.08749999999998   81
133.09   82
133.09249999999997   83
133.095   84
133.0975   85
133.09999999999997   86
133.1075   87
133.115   88
133.12   89
133.1225   90
133.1225   91
133.13   92
133.13750000000002   93
133.14   94
133.145   95
133.1475   96
133.15749999999997   97
133.15749999999997   98
133.16   99
133.17000000000002   100
133.1775   101
133.1775   102
133.17999999999998   103
133.19   104
133.19   105
133.2   106
133.20250000000001   107
133.215   108
133.2175   109
133.2275   110
133.23   111
133.23499999999999   112
133.4575   113
133.53   114
133.53249999999997   115
133.535   116
133.54749999999999   117
133.54749999999999   118
133.55499999999998   119
133.55749999999998   120
133.56   121
133.5625   122
133.5625   123
133.57   124
133.57   125
133.5775   126
133.5775   127
133.57999999999998   128
133.5825   129
133.585   130
133.58749999999998   131
133.58749999999998   132
133.59499999999997   133
133.6   134
133.6   135
133.6025   136
133.605   137
133.61249999999998   138
133.6175   139
133.61999999999998   140
133.61999999999998   141
133.61999999999998   142
133.62249999999997   143
133.625   144
133.625   145
133.62749999999997   146
133.62749999999997   147
133.63   148
133.6325   149
133.63499999999996   150
133.63499999999996   151
133.63749999999996   152
133.645   153
133.645   154
133.6475   155
133.6475   156
133.65   157
133.655   158
133.66249999999997   159
133.6675   160
133.67499999999998   161
133.67749999999998   162
133.67749999999998   163
133.67749999999998   164
133.67749999999998   165
133.68   166
133.68   167
133.6825   168
133.685   169
133.6875   170
133.69   171
133.69   172
133.69   173
133.695   174
133.6975   175
133.69999999999996   176
133.69999999999996   177
133.70249999999996   178
133.70249999999996   179
133.70249999999996   180
133.70249999999996   181
133.7075   182
133.71   183
133.7125   184
133.71499999999997   185
133.71749999999997   186
133.72   187
133.725   188
133.725   189
133.725   190
133.73   191
133.73   192
133.73   193
133.73249999999996   194
133.735   195
133.73999999999998   196
133.74249999999998   197
133.74249999999998   198
133.745   199
133.7475   200
133.7475   201
133.75   202
133.75   203
133.75   204
133.7625   205
133.7625   206
133.7675   207
133.77   208
133.77249999999998   209
133.77999999999997   210
133.785   211
133.785   212
133.785   213
133.79   214
133.79   215
133.7925   216
133.7925   217
133.8   218
133.80249999999998   219
133.805   220
133.81   221
133.81   222
133.81   223
133.81249999999997   224
133.815   225
133.8175   226
133.8175   227
133.81999999999996   228
133.81999999999996   229
133.8275   230
133.8275   231
133.83   232
133.83   233
133.83   234
133.83749999999998   235
133.83749999999998   236
133.84   237
133.845   238
133.85249999999996   239
133.855   240
133.85999999999999   241
133.85999999999999   242
133.8625   243
133.87749999999997   244
133.92000000000002   245
133.92000000000002   246
133.93249999999998   247
133.93249999999998   248
133.9375   249
133.9375   250
133.97   251
133.9775   252
133.99499999999998   253
133.99749999999997   254
134.005   255
134.0225   256
134.0225   257
134.0225   258
134.025   259
134.025   260
134.03749999999997   261
134.04   262
134.04   263
134.065   264
134.08   265
134.09249999999997   266
134.1075   267
134.1075   268
134.11   269
134.12   270
134.14000000000001   271
134.15   272
134.15   273
134.15749999999997   274
134.165   275
134.175   276
134.18749999999997   277
134.23250000000002   278
134.23250000000002   279
134.23250000000002   280
134.23749999999998   281
134.24   282
134.2425   283
134.2475   284
134.25249999999997   285
134.27499999999998   286
134.27749999999997   287
134.285   288
134.2875   289
134.29500000000002   290
134.29749999999999   291
134.3025   292
134.305   293
134.3125   294
134.3225   295
134.3275   296
134.34   297
134.345   298
134.34749999999997   299
134.36   300
134.3675   301
134.36999999999998   302
134.38   303
134.3925   304
134.39749999999998   305
134.40249999999997   306
134.4075   307
134.4075   308
134.425   309
134.42749999999998   310
134.4325   311
134.44   312
134.4475   313
134.4475   314
134.4475   315
134.45249999999996   316
134.4575   317
134.485   318
134.4875   319
134.50749999999996   320
134.51   321
134.51250000000002   322
134.515   323
134.52   324
134.525   325
134.52999999999997   326
134.53249999999997   327
134.5425   328
134.55   329
134.55749999999998   330
134.565   331
134.56999999999996   332
134.575   333
134.585   334
134.58749999999998   335
134.5925   336
134.6   337
134.6125   338
134.63   339
134.6325   340
134.64000000000001   341
134.64249999999998   342
134.6475   343
134.67000000000002   344
134.6725   345
134.68   346
134.685   347
134.6875   348
134.68999999999997   349
134.69249999999997   350
134.69749999999996   351
134.7   352
134.7   353
134.7   354
134.71   355
134.7125   356
134.71499999999997   357
134.72249999999997   358
134.7375   359
134.74749999999997   360
134.7525   361
134.76   362
134.7625   363
134.76500000000001   364
134.7675   365
134.76999999999998   366
134.76999999999998   367
134.78   368
134.785   369
134.78749999999997   370
134.8075   371
134.825   372
134.8375   373
134.8375   374
134.8375   375
134.845   376
134.84999999999997   377
134.8575   378
134.86499999999998   379
134.86749999999998   380
134.87   381
134.8775   382
134.8775   383
134.88   384
134.88   385
134.88249999999996   386
134.895   387
134.9   388
134.9   389
134.91   390
134.91749999999996   391
134.925   392
134.93249999999998   393
134.94   394
134.9425   395
134.9425   396
134.94499999999996   397
134.94749999999996   398
134.95250000000001   399
134.9575   400
134.9575   401
134.96   402
134.96249999999998   403
134.9675   404
134.9675   405
134.9675   406
134.98   407
134.98   408
134.98   409
134.99   410
134.99   411
134.99   412
134.9925   413
135.005   414
135.005   415
135.01500000000001   416
135.03   417
135.04   418
135.04   419
135.04249999999996   420
135.04500000000002   421
135.0625   422
135.06499999999997   423
135.06749999999997   424
135.075   425
135.08   426
135.0825   427
135.09249999999997   428
135.095   429
135.095   430
135.10499999999996   431
135.10499999999996   432
135.11   433
135.11   434
135.11249999999998   435
135.11249999999998   436
135.125   437
135.1275   438
135.13249999999996   439
135.1375   440
135.1425   441
135.14499999999998   442
135.1575   443
135.16   444
135.16249999999997   445
135.16249999999997   446
135.165   447
135.18499999999997   448
135.18749999999997   449
135.18749999999997   450
135.1925   451
135.20249999999996   452
135.22749999999996   453
135.2325   454
135.2325   455
135.2325   456
135.24   457
135.24999999999997   458
135.25249999999997   459
135.255   460
135.26749999999998   461
135.2725   462
135.28   463
135.3   464
135.3   465
135.30499999999998   466
135.31   467
135.3125   468
135.3175   469
135.3175   470
135.32   471
135.33249999999998   472
135.34499999999997   473
135.34499999999997   474
135.35   475
135.3525   476
135.355   477
135.375   478
135.3775   479
135.38   480
135.3825   481
135.39000000000001   482
135.405   483
135.4075   484
135.4075   485
135.4225   486
135.42499999999998   487
135.455   488
135.46749999999997   489
135.475   490
135.4875   491
135.49   492
135.49749999999997   493
135.49749999999997   494
135.5   495
135.5025   496
135.51   497
135.51500000000001   498
135.535   499
135.545   500
135.55999999999997   501
135.5675   502
135.58   503
135.6   504
135.63   505
135.6325   506
135.6375   507
135.64   508
135.64   509
135.64   510
135.64   511
135.645   512
135.65   513
135.65   514
135.655   515
135.65749999999997   516
135.66499999999996   517
135.66749999999996   518
135.68249999999998   519
135.6875   520
135.6925   521
135.6925   522
135.7075   523
135.71249999999998   524
135.7175   525
135.72999999999996   526
135.735   527
135.735   528
135.74   529
135.74749999999997   530
135.755   531
135.76500000000001   532
135.77   533
135.77   534
135.7725   535
135.77749999999997   536
135.805   537
135.8325   538
135.8525   539
135.875   540
135.89000000000001   541
135.925   542
135.92749999999998   543
135.93749999999997   544
135.94499999999996   545
135.9575   546
135.98499999999999   547
135.9875   548
135.99249999999998   549
135.99999999999997   550
136.03   551
136.04500000000002   552
136.055   553
136.055   554
136.095   555
136.095   556
136.115   557
136.13   558
136.15   559
136.19   560
136.19999999999996   561
136.22   562
136.235   563
136.255   564
136.26   565
136.285   566
136.38   567
136.425   568
136.45   569
136.485   570
136.53   571
136.54   572
136.57   573
136.585   574
136.625   575
136.65   576
136.73499999999999   577
136.89000000000001   578
136.905   579
136.985   580
137.07   581
137.085   582
137.145   583
137.26500000000001   584
