499.68   1
499.71   2
499.735   3
499.80499999999995   4
499.915   5
500.075   6
500.15000000000003   7
500.165   8
500.23   9
502.125   10
502.13999999999993   11
502.15500000000003   12
502.215   13
502.215   14
502.28   15
502.32   16
502.465   17
502.47   18
502.49499999999995   19
502.54   20
502.565   21
502.645   22
502.68999999999994   23
502.7049999999999   24
502.75499999999994   25
502.78999999999996   26
502.85499999999996   27
502.90000000000003   28
502.93499999999995   29
502.945   30
503.05499999999995   31
503.0799999999999   32
503.09   33
503.095   34
503.10499999999996   35
503.18   36
503.205   37
503.23   38
503.26499999999993   39
503.36   40
503.375   41
503.375   42
503.405   43
503.49499999999995   44
503.54999999999995   45
503.55999999999995   46
503.595   47
503.64500000000004   48
503.64500000000004   49
503.66   50
503.66   51
503.685   52
503.77   53
503.8   54
503.87   55
503.87499999999994   56
503.90500000000003   57
504.05999999999995   58
504.08500000000004   59
504.08500000000004   60
504.36   61
504.61   62
504.67999999999995   63
504.705   64
504.74499999999995   65
504.74999999999994   66
504.78499999999997   67
504.79999999999995   68
504.87   69
504.92   70
504.94   71
505.02   72
505.02500000000003   73
505.03499999999997   74
505.235   75
505.235   76
505.25499999999994   77
505.27000000000004   78
505.27000000000004   79
505.34000000000003   80
505.415   81
505.42   82
505.43999999999994   83
505.54499999999996   84
505.60499999999996   85
505.63   86
505.64   87
505.655   88
505.65999999999997   89
505.745   90
505.83500000000004   91
505.89   92
505.90000000000003   93
505.945   94
505.99   95
505.995   96
506.10499999999996   97
506.155   98
506.175   99
506.19499999999994   100
506.205   101
506.27500000000003   102
506.29   103
506.435   104
506.54499999999996   105
506.605   106
506.63   107
506.7   108
506.78   109
506.84499999999997   110
506.84499999999997   111
506.88499999999993   112
506.945   113
506.96   114
507.115   115
507.145   116
507.21   117
507.27000000000004   118
507.27000000000004   119
507.36999999999995   120
507.375   121
507.49999999999994   122
507.50999999999993   123
507.5799999999999   124
507.61499999999995   125
507.635   126
507.655   127
507.66   128
507.67999999999995   129
507.685   130
507.765   131
507.92   132
507.935   133
507.97   134
508.05   135
508.09000000000003   136
508.17   137
508.195   138
508.2049999999999   139
508.215   140
508.235   141
508.35   142
508.40000000000003   143
508.43   144
508.51   145
508.53000000000003   146
508.545   147
508.645   148
508.65999999999997   149
508.66999999999996   150
508.78000000000003   151
508.875   152
508.94   153
509.03000000000003   154
509.03499999999997   155
509.045   156
509.135   157
509.13999999999993   158
509.265   159
509.28   160
509.42   161
509.485   162
509.55   163
509.72   164
509.775   165
509.81999999999994   166
509.825   167
509.86999999999995   168
509.88   169
509.88499999999993   170
509.88499999999993   171
509.99999999999994   172
