277.40500000000003   1
277.425   2
277.445   3
277.455   4
277.53   5
277.535   6
277.59000000000003   7
277.605   8
277.68999999999994   9
277.68999999999994   10
277.68999999999994   11
277.695   12
277.695   13
277.695   14
277.7   15
277.7049999999999   16
277.7049999999999   17
277.71500000000003   18
277.71500000000003   19
277.71999999999997   20
277.725   21
277.73   22
277.735   23
277.74   24
277.75499999999994   25
277.765   26
277.78499999999997   27
277.78499999999997   28
277.79   29
277.795   30
277.79999999999995   31
277.82   32
277.82   33
277.82   34
277.83   35
277.84000000000003   36
277.84000000000003   37
277.855   38
277.86   39
277.86   40
277.86499999999995   41
277.87   42
277.87   43
277.87   44
277.87999999999994   45
277.885   46
277.89   47
277.895   48
277.90000000000003   49
277.90000000000003   50
277.91   51
277.92   52
277.935   53
277.94   54
277.94   55
277.955   56
277.9599999999999   57
277.97   58
277.97   59
277.985   60
277.985   61
277.985   62
277.985   63
277.985   64
277.99   65
277.99   66
277.99499999999995   67
277.99499999999995   68
277.99499999999995   69
277.99499999999995   70
278.015   71
278.015   72
278.03000000000003   73
278.03999999999996   74
278.045   75
278.05   76
278.05499999999995   77
278.06   78
278.065   79
278.07499999999993   80
278.07499999999993   81
278.07499999999993   82
278.08   83
278.08   84
278.08   85
278.085   86
278.09   87
278.09   88
278.095   89
278.1   90
278.10499999999996   91
278.11   92
278.11   93
278.11999999999995   94
278.11999999999995   95
278.125   96
278.13499999999993   97
278.13499999999993   98
278.13499999999993   99
278.13499999999993   100
278.14   101
278.145   102
278.15000000000003   103
278.15000000000003   104
278.15000000000003   105
278.15000000000003   106
278.165   107
278.16999999999996   108
278.16999999999996   109
278.175   110
278.175   111
278.175   112
278.175   113
278.175   114
278.18   115
278.18   116
278.18499999999995   117
278.19   118
278.195   119
278.205   120
278.205   121
278.205   122
278.21   123
278.21   124
278.21   125
278.215   126
278.22   127
278.22   128
278.22   129
278.225   130
278.23   131
278.23   132
278.235   133
278.235   134
278.24   135
278.24   136
278.24   137
278.245   138
278.245   139
278.24999999999994   140
278.24999999999994   141
278.255   142
278.255   143
278.26   144
278.26   145
278.26499999999993   146
278.26499999999993   147
278.26499999999993   148
278.26499999999993   149
278.27   150
278.27   151
278.27   152
278.27   153
278.27500000000003   154
278.28   155
278.28   156
278.29   157
278.29   158
278.29   159
278.29   160
278.29499999999996   161
278.3   162
278.31   163
278.31   164
278.31   165
278.31   166
278.315   167
278.315   168
278.32   169
278.32   170
278.325   171
278.3299999999999   172
278.3299999999999   173
278.3299999999999   174
278.335   175
278.335   176
278.34000000000003   177
278.34000000000003   178
278.35   179
278.355   180
278.35999999999996   181
278.365   182
278.365   183
278.365   184
278.365   185
278.37   186
278.37499999999994   187
278.37499999999994   188
278.38   189
278.385   190
278.385   191
278.39   192
278.395   193
278.395   194
278.395   195
278.40000000000003   196
278.40000000000003   197
278.40000000000003   198
278.40500000000003   199
278.42   200
278.42499999999995   201
278.435   202
278.43999999999994   203
278.43999999999994   204
278.45   205
278.45   206
278.4549999999999   207
278.4549999999999   208
278.46   209
278.475   210
278.485   211
278.485   212
278.485   213
278.485   214
278.48999999999995   215
278.495   216
278.495   217
278.495   218
278.5   219
278.515   220
278.5199999999999   221
278.5199999999999   222
278.52500000000003   223
278.52500000000003   224
278.53000000000003   225
278.53000000000003   226
278.53499999999997   227
278.53499999999997   228
278.53499999999997   229
278.545   230
278.545   231
278.56   232
278.565   233
278.56999999999994   234
278.58   235
278.58   236
278.58   237
278.58   238
278.59000000000003   239
278.59999999999997   240
278.61   241
278.61499999999995   242
278.61499999999995   243
278.625   244
278.635   245
278.645   246
278.65000000000003   247
278.65500000000003   248
278.65500000000003   249
278.67   250
278.675   251
278.685   252
278.685   253
278.7   254
278.71500000000003   255
278.71500000000003   256
278.72   257
278.735   258
278.735   259
278.74   260
278.755   261
278.75999999999993   262
278.765   263
278.77   264
278.8   265
278.8   266
278.805   267
278.805   268
278.82499999999993   269
278.82499999999993   270
278.82499999999993   271
278.83   272
278.84   273
278.84   274
278.85   275
278.85   276
278.85499999999996   277
278.85499999999996   278
278.865   279
278.875   280
278.875   281
278.88   282
278.88   283
278.90000000000003   284
278.905   285
278.905   286
278.91   287
278.915   288
278.915   289
278.91999999999996   290
278.94999999999993   291
278.94999999999993   292
278.955   293
278.96   294
278.96   295
278.98   296
278.98   297
278.98499999999996   298
278.99   299
278.99   300
278.99   301
279.005   302
279.02   303
279.03   304
279.045   305
279.05   306
279.055   307
279.07   308
279.07   309
279.1   310
279.115   311
279.135   312
279.135   313
279.135   314
279.14   315
279.1449999999999   316
279.15500000000003   317
279.15500000000003   318
279.15500000000003   319
279.15999999999997   320
279.17   321
279.185   322
279.18999999999994   323
279.2   324
279.205   325
279.205   326
279.205   327
279.21   328
279.21500000000003   329
279.22   330
279.23   331
279.23   332
279.235   333
279.235   334
279.235   335
279.23999999999995   336
279.25499999999994   337
279.25499999999994   338
279.265   339
279.265   340
279.28000000000003   341
279.29   342
279.29   343
279.315   344
279.31999999999994   345
279.33   346
279.3349999999999   347
279.345   348
279.36   349
279.36   350
279.38   351
279.38   352
279.38499999999993   353
279.395   354
279.4   355
279.41499999999996   356
279.42   357
279.44   358
279.475   359
279.505   360
279.505   361
279.505   362
279.505   363
279.515   364
279.535   365
279.545   366
279.545   367
279.555   368
279.55999999999995   369
279.57   370
279.57   371
279.57499999999993   372
279.58   373
279.585   374
279.595   375
279.6   376
279.61   377
279.61   378
279.615   379
279.615   380
279.63   381
279.63   382
279.63999999999993   383
279.63999999999993   384
279.645   385
279.66   386
279.665   387
279.66999999999996   388
279.68499999999995   389
279.71   390
279.71500000000003   391
279.71500000000003   392
279.725   393
279.745   394
279.745   395
279.76   396
279.76499999999993   397
279.78   398
279.78   399
279.795   400
279.795   401
279.795   402
279.805   403
279.81   404
279.81   405
279.82   406
279.84000000000003   407
279.84499999999997   408
279.90500000000003   409
279.92499999999995   410
279.935   411
279.94   412
279.9599999999999   413
279.97   414
279.985   415
279.995   416
280.00499999999994   417
280.01   418
280.02500000000003   419
280.035   420
280.035   421
280.05   422
280.05499999999995   423
280.05499999999995   424
280.065   425
280.065   426
280.06999999999994   427
280.11   428
280.11   429
280.115   430
280.13   431
280.17   432
280.17999999999995   433
280.21   434
280.215   435
280.22999999999996   436
280.22999999999996   437
280.235   438
280.27   439
280.27   440
280.29499999999996   441
280.315   442
280.33   443
280.33   444
280.355   445
280.38   446
280.38999999999993   447
280.40000000000003   448
280.41   449
280.41999999999996   450
280.425   451
280.445   452
280.46999999999997   453
280.46999999999997   454
280.48499999999996   455
280.495   456
280.49999999999994   457
280.53000000000003   458
280.53499999999997   459
280.53499999999997   460
280.54   461
280.54   462
280.56   463
280.575   464
280.59000000000003   465
280.605   466
280.61   467
280.61499999999995   468
280.62   469
280.625   470
280.6449999999999   471
280.69   472
280.7099999999999   473
280.73999999999995   474
280.75   475
280.755   476
280.78999999999996   477
280.8   478
280.88   479
280.895   480
280.9   481
280.94   482
280.945   483
280.945   484
281.01499999999993   485
281.01499999999993   486
281.04   487
281.05999999999995   488
281.075   489
281.085   490
281.09000000000003   491
281.135   492
281.13999999999993   493
281.18   494
281.2   495
281.28000000000003   496
281.28000000000003   497
281.32   498
281.36   499
281.37999999999994   500
281.56   501
281.665   502
281.665   503
281.695   504
281.72999999999996   505
281.72999999999996   506
281.735   507
281.745   508
281.755   509
281.815   510
281.8299999999999   511
281.85   512
281.85999999999996   513
281.87499999999994   514
281.87499999999994   515
281.885   516
281.885   517
281.895   518
281.91   519
281.92499999999995   520
281.935   521
281.93999999999994   522
281.975   523
281.99   524
281.995   525
282.02500000000003   526
282.03499999999997   527
282.045   528
282.055   529
282.06   530
282.07   531
282.075   532
282.08   533
282.105   534
282.105   535
282.105   536
282.11499999999995   537
282.12999999999994   538
282.12999999999994   539
282.16499999999996   540
282.17   541
282.17   542
282.185   543
282.205   544
282.21500000000003   545
282.23   546
282.255   547
282.255   548
282.25999999999993   549
282.275   550
282.275   551
282.28999999999996   552
282.28999999999996   553
282.28999999999996   554
282.295   555
282.305   556
282.32   557
282.335   558
282.34   559
282.35499999999996   560
282.36   561
282.36999999999995   562
282.385   563
282.395   564
282.415   565
282.44999999999993   566
282.44999999999993   567
282.47   568
282.475   569
282.48   570
282.52   571
282.56499999999994   572
282.57   573
282.575   574
282.585   575
282.59000000000003   576
282.59499999999997   577
282.62499999999994   578
282.62499999999994   579
282.63   580
282.63   581
282.64   582
282.64   583
282.67499999999995   584
282.73999999999995   585
282.75499999999994   586
282.76   587
282.795   588
282.8   589
282.805   590
282.81   591
282.83   592
282.845   593
282.84999999999997   594
282.89   595
282.90500000000003   596
282.925   597
282.96   598
282.96500000000003   599
282.97   600
282.975   601
282.97999999999996   602
282.99499999999995   603
283   604
283.05   605
283.05   606
283.085   607
283.09   608
283.1   609
283.10499999999996   610
283.13999999999993   611
283.175   612
283.26   613
283.28   614
283.31499999999994   615
283.335   616
283.40000000000003   617
283.43   618
283.43999999999994   619
283.47   620
283.485   621
283.48999999999995   622
283.495   623
283.5   624
283.5   625
283.50499999999994   626
283.58   627
283.63499999999993   628
283.675   629
283.72   630
283.74   631
283.765   632
283.805   633
283.84   634
283.85   635
283.86   636
283.94   637
283.975   638
284.04   639
284.09000000000003   640
284.09000000000003   641
284.115   642
284.17499999999995   643
284.23999999999995   644
284.28000000000003   645
284.36999999999995   646
284.38499999999993   647
284.395   648
284.46   649
284.46   650
284.475   651
284.54   652
284.62499999999994   653
284.645   654
284.645   655
284.695   656
284.7   657
284.76   658
284.855   659
285.035   660
285.16499999999996   661
285.195   662
285.205   663
285.48499999999996   664
285.5199999999999   665
285.54999999999995   666
285.61   667
285.61499999999995   668
285.625   669
285.765   670
285.81   671
285.82499999999993   672
285.85499999999996   673
285.86   674
285.865   675
285.875   676
285.875   677
285.88   678
285.88499999999993   679
285.89   680
285.89   681
285.89   682
285.9   683
285.90500000000003   684
285.91   685
285.93   686
285.93499999999995   687
285.94   688
285.945   689
285.945   690
285.94999999999993   691
285.94999999999993   692
285.94999999999993   693
285.955   694
285.955   695
285.96   696
285.965   697
285.985   698
285.985   699
285.985   700
285.985   701
285.99   702
285.99   703
285.99   704
285.995   705
285.995   706
286.005   707
286.005   708
286.02   709
286.02500000000003   710
286.03   711
286.03   712
286.04499999999996   713
286.04499999999996   714
286.05   715
286.055   716
286.065   717
286.065   718
286.07   719
286.07   720
286.075   721
286.075   722
286.0799999999999   723
286.085   724
286.085   725
286.085   726
286.085   727
286.09000000000003   728
286.09000000000003   729
286.09499999999997   730
286.09499999999997   731
286.1   732
286.1   733
286.105   734
286.115   735
286.115   736
286.12   737
286.12499999999994   738
286.13   739
286.13   740
286.135   741
286.135   742
286.145   743
286.165   744
286.17   745
286.17499999999995   746
286.17499999999995   747
286.18   748
286.18999999999994   749
286.195   750
286.2   751
286.21   752
286.21500000000003   753
286.21999999999997   754
286.21999999999997   755
286.23999999999995   756
286.245   757
286.26   758
286.265   759
286.265   760
286.2699999999999   761
286.2699999999999   762
286.27500000000003   763
286.27500000000003   764
286.28000000000003   765
286.29   766
286.29999999999995   767
286.29999999999995   768
286.29999999999995   769
286.29999999999995   770
286.29999999999995   771
286.305   772
286.305   773
286.315   774
286.315   775
286.315   776
286.31999999999994   777
286.325   778
286.325   779
286.3349999999999   780
286.3349999999999   781
286.34000000000003   782
286.34999999999997   783
286.34999999999997   784
286.34999999999997   785
286.36499999999995   786
286.375   787
286.375   788
286.375   789
286.385   790
286.385   791
286.385   792
286.385   793
286.39   794
286.39   795
286.40000000000003   796
286.40000000000003   797
286.40000000000003   798
286.40500000000003   799
286.41   800
286.41   801
286.41499999999996   802
286.42   803
286.425   804
286.425   805
286.435   806
286.44   807
286.44   808
286.45   809
286.46   810
286.46   811
286.47   812
286.475   813
286.475   814
286.48   815
286.49   816
286.49   817
286.49499999999995   818
286.49499999999995   819
286.49499999999995   820
286.5   821
286.5   822
286.5   823
286.505   824
286.515   825
286.515   826
286.52   827
286.525   828
286.535   829
286.53999999999996   830
286.545   831
286.555   832
286.555   833
286.555   834
286.56   835
286.56   836
286.56   837
286.565   838
286.57499999999993   839
286.58   840
286.59   841
286.59   842
286.6   843
286.61   844
286.61   845
286.61999999999995   846
286.625   847
286.625   848
286.625   849
286.63   850
286.63   851
286.635   852
286.63999999999993   853
286.645   854
286.645   855
286.65000000000003   856
286.655   857
286.66999999999996   858
286.675   859
286.68   860
286.68   861
286.69   862
286.695   863
286.695   864
286.695   865
286.695   866
286.69999999999993   867
286.71   868
286.71   869
286.71   870
286.715   871
286.715   872
286.715   873
286.725   874
286.74   875
286.745   876
286.74999999999994   877
286.755   878
286.755   879
286.76   880
286.76   881
286.76   882
286.76   883
286.77   884
286.77500000000003   885
286.77500000000003   886
286.78   887
286.78   888
286.785   889
286.79   890
286.79   891
286.79   892
286.805   893
286.8299999999999   894
286.84000000000003   895
286.855   896
286.865   897
286.865   898
286.865   899
286.87   900
286.87   901
286.885   902
286.885   903
286.89   904
286.90500000000003   905
286.90500000000003   906
286.92   907
286.92499999999995   908
286.92499999999995   909
286.93999999999994   910
286.945   911
286.955   912
286.96500000000003   913
286.975   914
286.98   915
286.985   916
286.995   917
287   918
287.00499999999994   919
287.01   920
287.0199999999999   921
287.02500000000003   922
287.03000000000003   923
287.03499999999997   924
287.04   925
287.045   926
287.05499999999995   927
287.05499999999995   928
287.065   929
287.075   930
287.095   931
287.09999999999997   932
287.11499999999995   933
287.11499999999995   934
287.12   935
287.125   936
287.14   937
287.145   938
287.145   939
287.145   940
287.16   941
287.16   942
287.16499999999996   943
287.185   944
287.185   945
287.19   946
287.19   947
287.21   948
287.22   949
287.235   950
287.24   951
287.24499999999995   952
287.25999999999993   953
287.25999999999993   954
287.29   955
287.305   956
287.30999999999995   957
287.30999999999995   958
287.30999999999995   959
287.315   960
287.33   961
287.33   962
287.33   963
287.34   964
287.35499999999996   965
287.36   966
287.37   967
287.375   968
287.38999999999993   969
287.38999999999993   970
287.395   971
287.405   972
287.415   973
287.415   974
287.415   975
287.41999999999996   976
287.425   977
287.425   978
287.43   979
287.43499999999995   980
287.46500000000003   981
287.48   982
287.495   983
287.49999999999994   984
287.505   985
287.53   986
287.535   987
287.535   988
287.555   989
287.56   990
287.57   991
287.59000000000003   992
287.59499999999997   993
287.60999999999996   994
287.615   995
287.62   996
287.62999999999994   997
287.62999999999994   998
287.6449999999999   999
287.65000000000003   1000
287.65000000000003   1001
287.65999999999997   1002
287.665   1003
287.685   1004
287.69   1005
287.7   1006
287.7099999999999   1007
287.71500000000003   1008
287.735   1009
287.745   1010
287.75   1011
287.765   1012
287.77   1013
287.77   1014
287.78000000000003   1015
287.78000000000003   1016
287.795   1017
287.81999999999994   1018
287.825   1019
287.845   1020
287.86999999999995   1021
287.875   1022
287.89   1023
287.895   1024
287.91499999999996   1025
287.92   1026
287.945   1027
287.94999999999993   1028
287.96   1029
287.975   1030
287.975   1031
287.99499999999995   1032
288   1033
288   1034
288.005   1035
288.00999999999993   1036
288.02   1037
288.04   1038
288.04499999999996   1039
288.05999999999995   1040
288.05999999999995   1041
288.07   1042
288.085   1043
288.085   1044
288.085   1045
288.095   1046
288.135   1047
288.13999999999993   1048
288.15000000000003   1049
288.18   1050
288.185   1051
288.19   1052
288.19   1053
288.2   1054
288.21   1055
288.21500000000003   1056
288.225   1057
288.23   1058
288.23   1059
288.23499999999996   1060
288.24999999999994   1061
288.295   1062
288.305   1063
288.31499999999994   1064
288.32   1065
288.36   1066
288.375   1067
288.385   1068
288.39   1069
288.3949999999999   1070
288.415   1071
288.435   1072
288.44   1073
288.4599999999999   1074
288.48999999999995   1075
288.5   1076
288.53000000000003   1077
288.535   1078
288.565   1079
288.59000000000003   1080
288.59000000000003   1081
288.64   1082
288.65500000000003   1083
288.68   1084
288.68   1085
288.69999999999993   1086
288.735   1087
288.735   1088
288.75   1089
288.76499999999993   1090
288.77   1091
288.77500000000003   1092
288.77500000000003   1093
288.83   1094
288.855   1095
288.87499999999994   1096
288.96   1097
288.96999999999997   1098
289   1099
289.0199999999999   1100
289.02500000000003   1101
289.07   1102
289.15500000000003   1103
289.23   1104
289.245   1105
289.285   1106
289.455   1107
289.46   1108
289.47   1109
289.67499999999995   1110
289.90000000000003   1111
289.90500000000003   1112
289.91   1113
289.97499999999997   1114
289.99   1115
290.06   1116
290.11999999999995   1117
290.11999999999995   1118
290.18499999999995   1119
290.205   1120
290.24999999999994   1121
290.24999999999994   1122
290.28   1123
290.28   1124
290.31   1125
290.335   1126
290.355   1127
290.365   1128
290.37   1129
290.385   1130
290.3949999999999   1131
290.3949999999999   1132
290.40000000000003   1133
290.40999999999997   1134
290.40999999999997   1135
290.415   1136
290.515   1137
290.5199999999999   1138
290.54   1139
290.58   1140
290.58   1141
290.5849999999999   1142
290.595   1143
290.59999999999997   1144
290.59999999999997   1145
290.62   1146
290.625   1147
290.625   1148
290.63   1149
290.65000000000003   1150
290.7   1151
290.71500000000003   1152
290.72   1153
290.775   1154
290.785   1155
290.78999999999996   1156
290.80999999999995   1157
290.80999999999995   1158
290.82499999999993   1159
290.82499999999993   1160
290.84   1161
290.84   1162
290.84   1163
290.845   1164
290.85   1165
290.86   1166
290.875   1167
290.875   1168
290.93   1169
290.955   1170
290.97   1171
290.98   1172
291.005   1173
291.01   1174
291.02   1175
291.05   1176
291.055   1177
291.105   1178
291.165   1179
291.185   1180
291.21500000000003   1181
291.23999999999995   1182
291.29   1183
291.31999999999994   1184
291.34000000000003   1185
291.37   1186
291.37   1187
291.38499999999993   1188
291.40500000000003   1189
291.47   1190
291.52   1191
291.525   1192
291.59   1193
291.62   1194
291.62   1195
291.63   1196
291.63   1197
291.645   1198
291.65000000000003   1199
291.665   1200
291.665   1201
291.66999999999996   1202
291.675   1203
291.695   1204
291.71999999999997   1205
291.73499999999996   1206
291.745   1207
291.77500000000003   1208
291.78   1209
291.79   1210
291.805   1211
291.82   1212
291.8299999999999   1213
291.86   1214
291.94   1215
291.9599999999999   1216
291.97   1217
291.97499999999997   1218
291.98   1219
292.065   1220
292.08   1221
292.15   1222
292.175   1223
292.19999999999993   1224
292.21   1225
292.255   1226
292.28000000000003   1227
292.38   1228
292.41999999999996   1229
292.43999999999994   1230
292.46   1231
292.46999999999997   1232
292.51   1233
292.54   1234
292.56   1235
292.605   1236
292.685   1237
292.69499999999994   1238
292.73   1239
292.765   1240
292.78000000000003   1241
292.795   1242
292.83   1243
292.83   1244
292.84000000000003   1245
292.86   1246
292.865   1247
292.88499999999993   1248
292.91499999999996   1249
292.975   1250
292.975   1251
293.02   1252
293.035   1253
293.065   1254
293.075   1255
293.15000000000003   1256
293.17   1257
293.21   1258
293.25   1259
293.25499999999994   1260
293.295   1261
293.32   1262
293.37   1263
293.5   1264
293.545   1265
293.57   1266
293.57   1267
294.495   1268
294.49999999999994   1269
294.52   1270
294.54   1271
294.56   1272
294.56499999999994   1273
294.585   1274
294.59000000000003   1275
294.59499999999997   1276
294.59499999999997   1277
294.615   1278
294.615   1279
294.62499999999994   1280
294.63   1281
294.65500000000003   1282
294.65500000000003   1283
294.65999999999997   1284
294.65999999999997   1285
294.665   1286
294.665   1287
294.67   1288
294.67499999999995   1289
294.68   1290
294.685   1291
294.68999999999994   1292
294.705   1293
294.705   1294
294.71500000000003   1295
294.71500000000003   1296
294.73999999999995   1297
294.745   1298
294.75   1299
294.75   1300
294.75499999999994   1301
294.76   1302
294.765   1303
294.765   1304
294.78000000000003   1305
294.79   1306
294.815   1307
294.815   1308
294.825   1309
294.8349999999999   1310
294.8349999999999   1311
294.84999999999997   1312
294.84999999999997   1313
294.86   1314
294.875   1315
294.875   1316
294.88   1317
294.88   1318
294.88499999999993   1319
294.89   1320
294.895   1321
294.90500000000003   1322
294.90500000000003   1323
294.91   1324
294.91   1325
294.92   1326
294.925   1327
294.925   1328
294.92999999999995   1329
294.935   1330
294.935   1331
294.94   1332
294.94   1333
294.94   1334
294.94499999999994   1335
294.95   1336
294.96500000000003   1337
294.97   1338
294.97   1339
294.975   1340
294.97999999999996   1341
294.985   1342
294.985   1343
294.985   1344
294.985   1345
294.99   1346
294.99   1347
294.99   1348
294.99   1349
294.99   1350
294.99499999999995   1351
295   1352
295   1353
295   1354
295.005   1355
295.00999999999993   1356
295.015   1357
295.015   1358
295.02   1359
295.025   1360
295.025   1361
295.03000000000003   1362
295.03000000000003   1363
295.035   1364
295.035   1365
295.03999999999996   1366
295.045   1367
295.045   1368
295.045   1369
295.05   1370
295.05   1371
295.05999999999995   1372
295.05999999999995   1373
295.065   1374
295.07   1375
295.07   1376
295.07499999999993   1377
295.07499999999993   1378
295.07499999999993   1379
295.07499999999993   1380
295.08   1381
295.085   1382
295.09   1383
295.095   1384
295.095   1385
295.095   1386
295.10499999999996   1387
295.11   1388
295.125   1389
295.125   1390
295.13   1391
295.135   1392
295.145   1393
295.15000000000003   1394
295.155   1395
295.155   1396
295.155   1397
295.16   1398
295.165   1399
295.16999999999996   1400
295.175   1401
295.175   1402
295.18   1403
295.18499999999995   1404
295.19   1405
295.19   1406
295.2   1407
295.2   1408
295.2   1409
295.21500000000003   1410
295.22   1411
295.225   1412
295.225   1413
295.24   1414
295.245   1415
295.255   1416
295.255   1417
295.255   1418
295.255   1419
295.26499999999993   1420
295.26499999999993   1421
295.26499999999993   1422
295.26499999999993   1423
295.27   1424
295.28   1425
295.28   1426
295.285   1427
295.29   1428
295.295   1429
295.295   1430
295.29999999999995   1431
295.29999999999995   1432
295.31499999999994   1433
295.335   1434
295.34000000000003   1435
295.35   1436
295.35   1437
295.35999999999996   1438
295.37   1439
295.37   1440
295.375   1441
295.40000000000003   1442
295.40000000000003   1443
295.40500000000003   1444
295.40500000000003   1445
295.40999999999997   1446
295.40999999999997   1447
295.40999999999997   1448
295.40999999999997   1449
295.415   1450
295.415   1451
295.42499999999995   1452
295.43   1453
295.435   1454
295.43999999999994   1455
295.445   1456
295.445   1457
295.45   1458
295.4599999999999   1459
295.46500000000003   1460
295.47   1461
295.47   1462
295.47499999999997   1463
295.485   1464
295.48999999999995   1465
295.495   1466
295.51   1467
295.515   1468
295.52   1469
295.52500000000003   1470
295.53000000000003   1471
295.53000000000003   1472
295.535   1473
295.54   1474
295.54   1475
295.54   1476
295.545   1477
295.55   1478
295.55   1479
295.55   1480
295.55499999999995   1481
295.56999999999994   1482
295.575   1483
295.58   1484
295.5849999999999   1485
295.5849999999999   1486
295.5849999999999   1487
295.59000000000003   1488
295.59000000000003   1489
295.595   1490
295.595   1491
295.595   1492
295.595   1493
295.59999999999997   1494
295.61   1495
295.62   1496
295.62   1497
295.625   1498
295.625   1499
295.63   1500
295.63499999999993   1501
295.645   1502
295.65   1503
295.65   1504
295.65500000000003   1505
295.67   1506
295.695   1507
295.705   1508
295.71   1509
295.71   1510
295.715   1511
295.735   1512
295.735   1513
295.74499999999995   1514
295.74499999999995   1515
295.75   1516
295.765   1517
295.765   1518
295.79499999999996   1519
295.8   1520
295.805   1521
295.805   1522
295.80999999999995   1523
295.80999999999995   1524
295.83   1525
295.83   1526
295.85   1527
295.85499999999996   1528
295.86   1529
295.865   1530
295.87   1531
295.88   1532
295.88   1533
295.885   1534
295.885   1535
295.88999999999993   1536
295.91   1537
295.91   1538
295.915   1539
295.94   1540
295.95   1541
295.95   1542
295.95   1543
295.95   1544
295.95   1545
295.96   1546
295.96999999999997   1547
295.98   1548
295.98499999999996   1549
295.99   1550
295.995   1551
296.005   1552
296.01   1553
296.02   1554
296.02   1555
296.02500000000003   1556
296.04   1557
296.04   1558
296.04   1559
296.04999999999995   1560
296.055   1561
296.06   1562
296.07   1563
296.075   1564
296.075   1565
296.09000000000003   1566
296.11499999999995   1567
296.14   1568
296.14   1569
296.14   1570
296.1449999999999   1571
296.15999999999997   1572
296.17   1573
296.185   1574
296.185   1575
296.19499999999994   1576
296.19499999999994   1577
296.205   1578
296.2099999999999   1579
296.21500000000003   1580
296.21500000000003   1581
296.22   1582
296.22499999999997   1583
296.235   1584
296.235   1585
296.235   1586
296.25   1587
296.25499999999994   1588
296.265   1589
296.27   1590
296.27500000000003   1591
296.27500000000003   1592
296.285   1593
296.28999999999996   1594
296.295   1595
296.295   1596
296.295   1597
296.295   1598
296.3   1599
296.30499999999995   1600
296.31999999999994   1601
296.34000000000003   1602
296.345   1603
296.36   1604
296.375   1605
296.39   1606
296.4   1607
296.40500000000003   1608
296.435   1609
296.44   1610
296.445   1611
296.455   1612
296.455   1613
296.47   1614
296.475   1615
296.475   1616
296.47999999999996   1617
296.49   1618
296.49499999999995   1619
296.5   1620
296.5   1621
296.51   1622
296.52   1623
296.52500000000003   1624
296.53   1625
296.555   1626
296.565   1627
296.57   1628
296.58   1629
296.59   1630
296.595   1631
296.6   1632
296.60999999999996   1633
296.62499999999994   1634
296.645   1635
296.655   1636
296.68   1637
296.685   1638
296.685   1639
296.7   1640
296.71500000000003   1641
296.71500000000003   1642
296.725   1643
296.73499999999996   1644
296.73499999999996   1645
296.74   1646
296.76   1647
296.76   1648
296.765   1649
296.7699999999999   1650
296.77500000000003   1651
296.78499999999997   1652
296.795   1653
296.81   1654
296.835   1655
296.845   1656
296.845   1657
296.855   1658
296.86499999999995   1659
296.86499999999995   1660
296.875   1661
296.90000000000003   1662
296.90999999999997   1663
296.915   1664
296.92   1665
296.92   1666
296.94   1667
296.94499999999994   1668
296.955   1669
296.9599999999999   1670
296.97499999999997   1671
296.985   1672
296.985   1673
297.045   1674
297.05499999999995   1675
297.06   1676
297.065   1677
297.095   1678
297.10499999999996   1679
297.11999999999995   1680
297.125   1681
297.125   1682
297.15500000000003   1683
297.16   1684
297.165   1685
297.19   1686
297.19999999999993   1687
297.21   1688
297.21   1689
297.22999999999996   1690
297.22999999999996   1691
297.235   1692
297.3   1693
297.32   1694
297.3299999999999   1695
297.35   1696
297.35   1697
297.35999999999996   1698
297.35999999999996   1699
297.37   1700
297.37   1701
297.435   1702
297.435   1703
297.435   1704
297.45   1705
297.46500000000003   1706
297.475   1707
297.48   1708
297.5   1709
297.5   1710
297.53000000000003   1711
297.53499999999997   1712
297.54   1713
297.555   1714
297.575   1715
297.595   1716
297.62   1717
297.62   1718
297.62   1719
297.64   1720
297.66   1721
297.66   1722
297.67   1723
297.67999999999995   1724
297.67999999999995   1725
297.705   1726
297.705   1727
297.74499999999995   1728
297.755   1729
297.75999999999993   1730
297.78000000000003   1731
297.78000000000003   1732
297.785   1733
297.81   1734
297.85   1735
297.865   1736
297.88   1737
297.915   1738
297.925   1739
297.925   1740
297.93499999999995   1741
297.945   1742
297.94999999999993   1743
297.97999999999996   1744
297.97999999999996   1745
298.01   1746
298.055   1747
298.065   1748
298.1   1749
298.12499999999994   1750
298.1449999999999   1751
298.2   1752
298.21   1753
298.21999999999997   1754
298.23999999999995   1755
298.245   1756
298.245   1757
298.26   1758
298.29999999999995   1759
298.355   1760
298.355   1761
298.47   1762
298.475   1763
298.53000000000003   1764
298.59   1765
298.66   1766
298.665   1767
298.785   1768
298.8   1769
298.865   1770
299.33   1771
299.335   1772
299.35   1773
299.35   1774
299.395   1775
299.405   1776
299.41   1777
299.415   1778
299.44   1779
299.505   1780
299.51499999999993   1781
299.52   1782
299.53   1783
299.555   1784
299.5799999999999   1785
299.5799999999999   1786
299.59000000000003   1787
299.6   1788
299.62   1789
299.635   1790
299.685   1791
299.69   1792
299.7   1793
299.705   1794
299.705   1795
299.7099999999999   1796
299.72   1797
299.735   1798
299.73999999999995   1799
299.745   1800
299.75   1801
299.75   1802
299.75499999999994   1803
299.765   1804
299.765   1805
299.78999999999996   1806
299.84999999999997   1807
299.84999999999997   1808
299.865   1809
299.875   1810
299.875   1811
299.88499999999993   1812
299.89   1813
299.89   1814
299.92   1815
299.92999999999995   1816
299.94   1817
299.94   1818
299.94999999999993   1819
299.955   1820
299.97   1821
299.99   1822
300.015   1823
300.02   1824
300.03000000000003   1825
300.04   1826
300.04499999999996   1827
300.05   1828
300.055   1829
300.09   1830
300.09   1831
300.09   1832
300.095   1833
300.11   1834
300.11   1835
300.15000000000003   1836
300.155   1837
300.165   1838
300.21   1839
300.21999999999997   1840
300.23   1841
300.2699999999999   1842
300.28000000000003   1843
300.305   1844
300.31   1845
300.335   1846
300.34499999999997   1847
300.355   1848
300.36   1849
300.375   1850
300.375   1851
300.37999999999994   1852
300.385   1853
300.40999999999997   1854
300.42   1855
300.435   1856
300.44   1857
300.455   1858
300.485   1859
300.5   1860
300.545   1861
300.56999999999994   1862
300.58   1863
300.585   1864
300.6   1865
300.63   1866
300.65   1867
300.65500000000003   1868
300.68499999999995   1869
300.695   1870
300.715   1871
300.715   1872
300.72999999999996   1873
300.74   1874
300.76   1875
300.82   1876
300.855   1877
300.885   1878
300.895   1879
300.90000000000003   1880
301.03499999999997   1881
301.03499999999997   1882
301.055   1883
301.0849999999999   1884
301.11   1885
301.11499999999995   1886
301.15000000000003   1887
301.175   1888
301.255   1889
301.275   1890
301.3   1891
301.33   1892
301.335   1893
301.365   1894
301.49   1895
301.60999999999996   1896
301.60999999999996   1897
301.615   1898
301.645   1899
301.65000000000003   1900
301.66   1901
301.685   1902
301.73   1903
301.76   1904
301.79   1905
301.815   1906
301.825   1907
301.83   1908
301.955   1909
301.97   1910
302.03999999999996   1911
302.07   1912
302.095   1913
302.11   1914
302.115   1915
302.13   1916
302.135   1917
302.22   1918
302.23499999999996   1919
302.305   1920
302.31499999999994   1921
302.335   1922
302.34499999999997   1923
302.34499999999997   1924
302.35   1925
302.3949999999999   1926
302.46500000000003   1927
302.605   1928
302.75   1929
302.755   1930
302.765   1931
302.80999999999995   1932
302.955   1933
302.99   1934
303.02   1935
303.03   1936
303.04   1937
303.23999999999995   1938
303.42   1939
303.77500000000003   1940
304.17999999999995   1941
304.19999999999993   1942
304.19999999999993   1943
304.205   1944
304.255   1945
304.255   1946
304.265   1947
304.265   1948
304.265   1949
304.27   1950
304.28   1951
304.28   1952
304.285   1953
304.285   1954
304.29   1955
304.29499999999996   1956
304.32   1957
304.33   1958
304.35   1959
304.365   1960
304.37   1961
304.37   1962
304.37499999999994   1963
304.395   1964
304.395   1965
304.40000000000003   1966
304.41   1967
304.415   1968
304.425   1969
304.43   1970
304.435   1971
304.43999999999994   1972
304.445   1973
304.445   1974
304.445   1975
304.4549999999999   1976
304.4549999999999   1977
304.46500000000003   1978
304.46999999999997   1979
304.49   1980
304.505   1981
304.51   1982
304.54   1983
304.545   1984
304.555   1985
304.575   1986
304.59000000000003   1987
304.595   1988
304.6   1989
304.6   1990
304.61   1991
304.62   1992
304.625   1993
304.625   1994
304.625   1995
304.625   1996
304.625   1997
304.62999999999994   1998
304.635   1999
304.635   2000
304.635   2001
304.64   2002
304.64   2003
304.6449999999999   2004
304.6449999999999   2005
304.6449999999999   2006
304.6449999999999   2007
304.65000000000003   2008
304.65500000000003   2009
304.65500000000003   2010
304.65500000000003   2011
304.665   2012
304.665   2013
304.665   2014
304.665   2015
304.67   2016
304.69   2017
304.69   2018
304.69   2019
304.69   2020
304.69499999999994   2021
304.7   2022
304.7   2023
304.705   2024
304.705   2025
304.7099999999999   2026
304.71500000000003   2027
304.72   2028
304.73999999999995   2029
304.745   2030
304.75   2031
304.755   2032
304.755   2033
304.765   2034
304.77   2035
304.77   2036
304.77   2037
304.77   2038
304.775   2039
304.775   2040
304.775   2041
304.78000000000003   2042
304.78000000000003   2043
304.785   2044
304.78999999999996   2045
304.795   2046
304.8   2047
304.81   2048
304.81   2049
304.815   2050
304.815   2051
304.81999999999994   2052
304.84000000000003   2053
304.845   2054
304.845   2055
304.845   2056
304.845   2057
304.85499999999996   2058
304.875   2059
304.875   2060
304.88499999999993   2061
304.88499999999993   2062
304.9   2063
304.9   2064
304.90500000000003   2065
304.90500000000003   2066
304.91   2067
304.91499999999996   2068
304.92   2069
304.92   2070
304.925   2071
304.925   2072
304.93   2073
304.94   2074
304.945   2075
304.94999999999993   2076
304.955   2077
304.96   2078
304.965   2079
304.97999999999996   2080
304.985   2081
304.99   2082
304.99499999999995   2083
304.99499999999995   2084
305   2085
305   2086
305.01   2087
305.01499999999993   2088
305.02   2089
305.02500000000003   2090
305.02500000000003   2091
305.02500000000003   2092
305.03   2093
305.03   2094
305.03   2095
305.03   2096
305.035   2097
305.04   2098
305.04499999999996   2099
305.04499999999996   2100
305.055   2101
305.05999999999995   2102
305.05999999999995   2103
305.065   2104
305.065   2105
305.075   2106
305.09000000000003   2107
305.095   2108
305.1   2109
305.1   2110
305.10999999999996   2111
305.115   2112
305.12   2113
305.12499999999994   2114
305.12499999999994   2115
305.135   2116
305.15000000000003   2117
305.15000000000003   2118
305.15000000000003   2119
305.15000000000003   2120
305.155   2121
305.155   2122
305.165   2123
305.165   2124
305.17   2125
305.18   2126
305.185   2127
305.195   2128
305.195   2129
305.195   2130
305.2   2131
305.2   2132
305.21   2133
305.21500000000003   2134
305.21500000000003   2135
305.23   2136
305.23   2137
305.23   2138
305.24   2139
305.245   2140
305.245   2141
305.245   2142
305.245   2143
305.25   2144
305.25   2145
305.25   2146
305.26   2147
305.265   2148
305.2699999999999   2149
305.27500000000003   2150
305.28000000000003   2151
305.28000000000003   2152
305.29   2153
305.295   2154
305.29999999999995   2155
305.29999999999995   2156
305.29999999999995   2157
305.29999999999995   2158
305.305   2159
305.305   2160
305.31   2161
305.325   2162
305.325   2163
305.325   2164
305.33   2165
305.34999999999997   2166
305.34999999999997   2167
305.355   2168
305.355   2169
305.36499999999995   2170
305.375   2171
305.37999999999994   2172
305.37999999999994   2173
305.385   2174
305.385   2175
305.39   2176
305.39   2177
305.40000000000003   2178
305.40500000000003   2179
305.40999999999997   2180
305.415   2181
305.42   2182
305.425   2183
305.425   2184
305.435   2185
305.44   2186
305.44   2187
305.44   2188
305.45   2189
305.45   2190
305.455   2191
305.4599999999999   2192
305.4599999999999   2193
305.46500000000003   2194
305.46500000000003   2195
305.47   2196
305.485   2197
305.485   2198
305.485   2199
305.49   2200
305.495   2201
305.495   2202
305.495   2203
305.5   2204
305.5   2205
305.505   2206
305.515   2207
305.52   2208
305.52   2209
305.53000000000003   2210
305.535   2211
305.53999999999996   2212
305.53999999999996   2213
305.545   2214
305.55499999999995   2215
305.56   2216
305.57499999999993   2217
305.57499999999993   2218
305.585   2219
305.6   2220
305.60499999999996   2221
305.61   2222
305.61999999999995   2223
305.625   2224
305.63499999999993   2225
305.63499999999993   2226
305.64   2227
305.64   2228
305.64   2229
305.64   2230
305.65   2231
305.65500000000003   2232
305.65500000000003   2233
305.665   2234
305.675   2235
305.68   2236
305.68499999999995   2237
305.69   2238
305.695   2239
305.695   2240
305.69999999999993   2241
305.69999999999993   2242
305.705   2243
305.715   2244
305.725   2245
305.725   2246
305.72999999999996   2247
305.74999999999994   2248
305.74999999999994   2249
305.74999999999994   2250
305.755   2251
305.76499999999993   2252
305.78   2253
305.785   2254
305.79   2255
305.805   2256
305.80999999999995   2257
305.825   2258
305.825   2259
305.825   2260
305.84000000000003   2261
305.84499999999997   2262
305.885   2263
305.895   2264
305.90500000000003   2265
305.90500000000003   2266
305.915   2267
305.915   2268
305.92499999999995   2269
305.92499999999995   2270
305.93   2271
305.93999999999994   2272
305.945   2273
305.9549999999999   2274
305.9549999999999   2275
305.985   2276
305.985   2277
306.00499999999994   2278
306.015   2279
306.015   2280
306.0199999999999   2281
306.0199999999999   2282
306.0199999999999   2283
306.0199999999999   2284
306.045   2285
306.065   2286
306.06999999999994   2287
306.06999999999994   2288
306.105   2289
306.105   2290
306.11499999999995   2291
306.125   2292
306.12999999999994   2293
306.14   2294
306.14   2295
306.15000000000003   2296
306.15500000000003   2297
306.175   2298
306.185   2299
306.19   2300
306.205   2301
306.2099999999999   2302
306.22   2303
306.235   2304
306.24   2305
306.265   2306
306.27   2307
306.275   2308
306.28999999999996   2309
306.28999999999996   2310
306.295   2311
306.32   2312
306.345   2313
306.35   2314
306.38999999999993   2315
306.38999999999993   2316
306.44999999999993   2317
306.47   2318
306.48499999999996   2319
306.48499999999996   2320
306.48499999999996   2321
306.505   2322
306.505   2323
306.52500000000003   2324
306.53   2325
306.535   2326
306.535   2327
306.54   2328
306.54   2329
306.54   2330
306.55   2331
306.57   2332
306.5799999999999   2333
306.585   2334
306.59499999999997   2335
306.60999999999996   2336
306.615   2337
306.62   2338
306.62   2339
306.62   2340
306.63   2341
306.65000000000003   2342
306.65000000000003   2343
306.65500000000003   2344
306.65999999999997   2345
306.68   2346
306.68999999999994   2347
306.695   2348
306.705   2349
306.71   2350
306.71500000000003   2351
306.745   2352
306.75499999999994   2353
306.765   2354
306.78499999999997   2355
306.8   2356
306.80499999999995   2357
306.81   2358
306.81999999999994   2359
306.81999999999994   2360
306.84999999999997   2361
306.84999999999997   2362
306.86   2363
306.86499999999995   2364
306.875   2365
306.875   2366
306.875   2367
306.895   2368
306.90500000000003   2369
306.91   2370
306.91   2371
306.92   2372
306.94   2373
306.94   2374
306.97   2375
306.97   2376
306.97999999999996   2377
306.99   2378
306.99499999999995   2379
307   2380
307.00999999999993   2381
307.02   2382
307.03000000000003   2383
307.035   2384
307.035   2385
307.035   2386
307.055   2387
307.055   2388
307.07   2389
307.08   2390
307.155   2391
307.16   2392
307.16   2393
307.165   2394
307.21   2395
307.21   2396
307.21500000000003   2397
307.23499999999996   2398
307.26   2399
307.26499999999993   2400
307.27   2401
307.285   2402
307.295   2403
307.31499999999994   2404
307.34499999999997   2405
307.365   2406
307.375   2407
307.37999999999994   2408
307.385   2409
307.39   2410
307.39   2411
307.3949999999999   2412
307.3949999999999   2413
307.40500000000003   2414
307.43999999999994   2415
307.45   2416
307.47   2417
307.48999999999995   2418
307.48999999999995   2419
307.51   2420
307.52500000000003   2421
307.54   2422
307.56   2423
307.575   2424
307.58   2425
307.59000000000003   2426
307.61   2427
307.61999999999995   2428
307.61999999999995   2429
307.63499999999993   2430
307.64   2431
307.695   2432
307.705   2433
307.75   2434
307.765   2435
307.775   2436
307.79   2437
307.80999999999995   2438
307.84   2439
307.845   2440
307.86   2441
307.865   2442
307.87499999999994   2443
307.88999999999993   2444
307.905   2445
307.93   2446
307.94   2447
308.055   2448
308.075   2449
308.09499999999997   2450
308.15000000000003   2451
308.19499999999994   2452
308.22   2453
308.30499999999995   2454
308.325   2455
308.395   2456
308.465   2457
308.54   2458
308.565   2459
308.83   2460
309.075   2461
309.46999999999997   2462
309.515   2463
309.57   2464
309.66   2465
309.735   2466
309.75999999999993   2467
309.775   2468
309.785   2469
309.785   2470
309.83   2471
309.84   2472
309.84   2473
309.865   2474
309.895   2475
309.915   2476
309.93   2477
309.94999999999993   2478
309.96   2479
309.96   2480
309.965   2481
309.97   2482
309.975   2483
309.985   2484
309.985   2485
310.075   2486
310.10999999999996   2487
310.12499999999994   2488
310.15000000000003   2489
310.15500000000003   2490
310.165   2491
310.21999999999997   2492
310.23   2493
310.265   2494
310.29   2495
310.29999999999995   2496
310.29999999999995   2497
310.31   2498
310.31   2499
310.315   2500
310.31999999999994   2501
310.31999999999994   2502
310.33   2503
310.34000000000003   2504
310.37   2505
310.37   2506
310.375   2507
310.375   2508
310.37999999999994   2509
310.40000000000003   2510
310.40500000000003   2511
310.44499999999994   2512
310.47999999999996   2513
310.49   2514
310.50999999999993   2515
310.52   2516
310.57   2517
310.58   2518
310.585   2519
310.6   2520
310.61999999999995   2521
310.65000000000003   2522
310.675   2523
310.705   2524
310.72   2525
310.73499999999996   2526
310.74   2527
310.74999999999994   2528
310.74999999999994   2529
310.77500000000003   2530
310.785   2531
310.79499999999996   2532
310.825   2533
310.855   2534
310.90000000000003   2535
310.90999999999997   2536
310.92   2537
310.93   2538
310.945   2539
310.96500000000003   2540
310.985   2541
310.985   2542
311   2543
311   2544
311.00499999999994   2545
311.075   2546
311.15500000000003   2547
311.15500000000003   2548
311.185   2549
311.22999999999996   2550
311.235   2551
311.235   2552
311.255   2553
311.25999999999993   2554
311.28000000000003   2555
311.285   2556
311.285   2557
311.33   2558
311.345   2559
311.425   2560
311.43   2561
311.4549999999999   2562
311.4549999999999   2563
311.46500000000003   2564
311.51499999999993   2565
311.585   2566
311.59000000000003   2567
311.615   2568
311.62   2569
311.625   2570
311.65999999999997   2571
311.69499999999994   2572
311.7   2573
311.705   2574
311.75   2575
311.75   2576
311.765   2577
311.81999999999994   2578
311.84000000000003   2579
311.855   2580
311.88499999999993   2581
311.935   2582
311.94999999999993   2583
311.975   2584
311.985   2585
312   2586
312.03000000000003   2587
312.05999999999995   2588
312.07499999999993   2589
312.085   2590
312.10999999999996   2591
312.115   2592
312.145   2593
312.165   2594
312.165   2595
312.2049999999999   2596
312.2049999999999   2597
312.21   2598
312.21500000000003   2599
312.24999999999994   2600
312.28000000000003   2601
312.3299999999999   2602
312.37999999999994   2603
312.42   2604
312.495   2605
312.56   2606
312.6   2607
312.625   2608
312.65500000000003   2609
312.72999999999996   2610
312.735   2611
312.735   2612
312.77   2613
312.785   2614
312.8   2615
312.80999999999995   2616
312.815   2617
312.84   2618
312.93999999999994   2619
313.03000000000003   2620
313.04   2621
313.0849999999999   2622
313.09999999999997   2623
313.135   2624
313.175   2625
313.19499999999994   2626
313.425   2627
313.565   2628
313.84999999999997   2629
315.04999999999995   2630
315.06499999999994   2631
315.075   2632
315.1   2633
315.1   2634
315.105   2635
315.105   2636
315.10999999999996   2637
315.125   2638
315.125   2639
315.125   2640
315.12999999999994   2641
315.135   2642
315.14   2643
315.14   2644
315.1449999999999   2645
315.15000000000003   2646
315.15500000000003   2647
315.15999999999997   2648
315.15999999999997   2649
315.165   2650
315.17499999999995   2651
315.17499999999995   2652
315.17499999999995   2653
315.185   2654
315.195   2655
315.195   2656
315.205   2657
315.2099999999999   2658
315.21500000000003   2659
315.22   2660
315.22   2661
315.22499999999997   2662
315.23   2663
315.235   2664
315.245   2665
315.245   2666
315.25   2667
315.25   2668
315.25499999999994   2669
315.27500000000003   2670
315.30499999999995   2671
315.345   2672
315.355   2673
315.355   2674
315.36   2675
315.375   2676
315.38   2677
315.38   2678
315.38   2679
315.38   2680
315.38   2681
315.41   2682
315.41499999999996   2683
315.42   2684
315.425   2685
315.42999999999995   2686
315.435   2687
315.44999999999993   2688
315.46   2689
315.46   2690
315.465   2691
315.465   2692
315.465   2693
315.47   2694
315.475   2695
315.485   2696
315.49   2697
315.49   2698
315.49   2699
315.49499999999995   2700
315.49499999999995   2701
315.5   2702
315.5   2703
315.505   2704
315.505   2705
315.50999999999993   2706
315.50999999999993   2707
315.50999999999993   2708
315.52   2709
315.525   2710
315.53000000000003   2711
315.53000000000003   2712
315.54499999999996   2713
315.54499999999996   2714
315.54499999999996   2715
315.55   2716
315.55   2717
315.55999999999995   2718
315.565   2719
315.58   2720
315.585   2721
315.59   2722
315.595   2723
315.6   2724
315.6   2725
315.60499999999996   2726
315.60499999999996   2727
315.61   2728
315.615   2729
315.62   2730
315.62   2731
315.62499999999994   2732
315.63999999999993   2733
315.63999999999993   2734
315.63999999999993   2735
315.645   2736
315.645   2737
315.645   2738
315.65000000000003   2739
315.655   2740
315.655   2741
315.655   2742
315.66   2743
315.66   2744
315.665   2745
315.665   2746
315.66999999999996   2747
315.675   2748
315.68   2749
315.695   2750
315.7   2751
315.7049999999999   2752
315.7049999999999   2753
315.71   2754
315.71500000000003   2755
315.73   2756
315.755   2757
315.755   2758
315.76   2759
315.76   2760
315.76   2761
315.77500000000003   2762
315.78000000000003   2763
315.78499999999997   2764
315.79   2765
315.79   2766
315.79999999999995   2767
315.81   2768
315.8299999999999   2769
315.8299999999999   2770
315.8299999999999   2771
315.835   2772
315.84499999999997   2773
315.84499999999997   2774
315.85   2775
315.85   2776
315.855   2777
315.86   2778
315.87   2779
315.875   2780
315.875   2781
315.875   2782
315.875   2783
315.87999999999994   2784
315.87999999999994   2785
315.87999999999994   2786
315.87999999999994   2787
315.885   2788
315.885   2789
315.8949999999999   2790
315.8949999999999   2791
315.8949999999999   2792
315.90000000000003   2793
315.90500000000003   2794
315.90999999999997   2795
315.92   2796
315.92   2797
315.93   2798
315.93   2799
315.93   2800
315.94   2801
315.94499999999994   2802
315.94499999999994   2803
315.9599999999999   2804
315.9599999999999   2805
315.96500000000003   2806
315.97499999999997   2807
315.97499999999997   2808
315.97499999999997   2809
315.98999999999995   2810
315.995   2811
315.995   2812
316.00499999999994   2813
316.00499999999994   2814
316.01   2815
316.01   2816
316.015   2817
316.03000000000003   2818
316.035   2819
316.03999999999996   2820
316.03999999999996   2821
316.05   2822
316.06   2823
316.06999999999994   2824
316.075   2825
316.075   2826
316.08   2827
316.0849999999999   2828
316.09999999999997   2829
316.09999999999997   2830
316.105   2831
316.11   2832
316.11999999999995   2833
316.11999999999995   2834
316.13499999999993   2835
316.13499999999993   2836
316.14   2837
316.14   2838
316.14   2839
316.145   2840
316.15   2841
316.16499999999996   2842
316.17   2843
316.175   2844
316.175   2845
316.19999999999993   2846
316.22   2847
316.225   2848
316.22999999999996   2849
316.25   2850
316.25   2851
316.255   2852
316.26499999999993   2853
316.29499999999996   2854
316.29499999999996   2855
316.305   2856
316.30999999999995   2857
316.32499999999993   2858
316.35999999999996   2859
316.35999999999996   2860
316.365   2861
316.37   2862
316.37   2863
316.37499999999994   2864
316.395   2865
316.395   2866
316.40000000000003   2867
316.405   2868
316.405   2869
316.41   2870
316.41999999999996   2871
316.425   2872
316.43   2873
316.43   2874
316.43   2875
316.435   2876
316.435   2877
316.445   2878
316.45   2879
316.45   2880
316.46   2881
316.46999999999997   2882
316.46999999999997   2883
316.475   2884
316.475   2885
316.48   2886
316.48499999999996   2887
316.49   2888
316.505   2889
316.505   2890
316.515   2891
316.5199999999999   2892
316.52500000000003   2893
316.53499999999997   2894
316.54   2895
316.54   2896
316.54   2897
316.545   2898
316.56   2899
316.56   2900
316.56   2901
316.56499999999994   2902
316.57   2903
316.575   2904
316.585   2905
316.585   2906
316.59000000000003   2907
316.595   2908
316.62   2909
316.62   2910
316.62999999999994   2911
316.62999999999994   2912
316.635   2913
316.64   2914
316.64   2915
316.65500000000003   2916
316.665   2917
316.675   2918
316.675   2919
316.675   2920
316.7   2921
316.705   2922
316.73   2923
316.73   2924
316.75999999999993   2925
316.765   2926
316.765   2927
316.77   2928
316.77   2929
316.785   2930
316.795   2931
316.795   2932
316.795   2933
316.81999999999994   2934
316.81999999999994   2935
316.81999999999994   2936
316.84000000000003   2937
316.88   2938
316.88499999999993   2939
316.895   2940
316.91   2941
316.92   2942
316.925   2943
316.93   2944
316.93499999999995   2945
316.94999999999993   2946
316.96   2947
316.97   2948
316.97   2949
316.985   2950
316.985   2951
317.005   2952
317.005   2953
317.01499999999993   2954
317.02   2955
317.02   2956
317.035   2957
317.05999999999995   2958
317.065   2959
317.07   2960
317.085   2961
317.105   2962
317.105   2963
317.115   2964
317.115   2965
317.12   2966
317.145   2967
317.17   2968
317.17499999999995   2969
317.18   2970
317.18   2971
317.2   2972
317.21500000000003   2973
317.23499999999996   2974
317.24   2975
317.25499999999994   2976
317.26   2977
317.2699999999999   2978
317.2699999999999   2979
317.28000000000003   2980
317.28499999999997   2981
317.305   2982
317.3349999999999   2983
317.345   2984
317.34999999999997   2985
317.36   2986
317.36499999999995   2987
317.3949999999999   2988
317.40000000000003   2989
317.415   2990
317.42999999999995   2991
317.435   2992
317.47   2993
317.485   2994
317.5   2995
317.50999999999993   2996
317.525   2997
317.525   2998
317.535   2999
317.545   3000
317.545   3001
317.545   3002
317.55499999999995   3003
317.565   3004
317.59   3005
317.6   3006
317.61   3007
317.61   3008
317.615   3009
317.63   3010
317.63   3011
317.64   3012
317.645   3013
317.65500000000003   3014
317.66   3015
317.675   3016
317.695   3017
317.705   3018
317.715   3019
317.715   3020
317.72   3021
317.72   3022
317.735   3023
317.735   3024
317.74   3025
317.755   3026
317.77500000000003   3027
317.77500000000003   3028
317.78   3029
317.8   3030
317.80999999999995   3031
317.815   3032
317.8299999999999   3033
317.84000000000003   3034
317.8949999999999   3035
317.90500000000003   3036
317.96500000000003   3037
318.02500000000003   3038
318.04   3039
318.04   3040
318.045   3041
318.06999999999994   3042
318.09000000000003   3043
318.09999999999997   3044
318.11499999999995   3045
318.12   3046
318.125   3047
318.125   3048
318.12999999999994   3049
318.15000000000003   3050
318.16   3051
318.16499999999996   3052
318.17   3053
318.17   3054
318.175   3055
318.175   3056
318.185   3057
318.19   3058
318.19   3059
318.2   3060
318.2   3061
318.205   3062
318.22499999999997   3063
318.23   3064
318.23   3065
318.235   3066
318.24   3067
318.24499999999995   3068
318.24499999999995   3069
318.25   3070
318.255   3071
318.255   3072
318.28000000000003   3073
318.285   3074
318.295   3075
318.295   3076
318.32499999999993   3077
318.34   3078
318.35   3079
318.35499999999996   3080
318.35499999999996   3081
318.36   3082
318.365   3083
318.38   3084
318.385   3085
318.38999999999993   3086
318.395   3087
318.395   3088
318.415   3089
318.415   3090
318.425   3091
318.43   3092
318.43   3093
318.445   3094
318.44999999999993   3095
318.465   3096
318.48499999999996   3097
318.505   3098
318.505   3099
318.51499999999993   3100
318.52   3101
318.54   3102
318.56499999999994   3103
318.5799999999999   3104
318.60999999999996   3105
318.635   3106
318.65500000000003   3107
318.67499999999995   3108
318.685   3109
318.685   3110
318.68999999999994   3111
318.68999999999994   3112
318.68999999999994   3113
318.695   3114
318.7   3115
318.75   3116
318.8   3117
318.815   3118
318.83   3119
318.875   3120
318.88499999999993   3121
318.91499999999996   3122
318.935   3123
318.955   3124
319   3125
319.005   3126
319.05   3127
319.055   3128
319.10499999999996   3129
319.13999999999993   3130
319.13999999999993   3131
319.15000000000003   3132
319.155   3133
319.18499999999995   3134
319.2   3135
319.27500000000003   3136
319.285   3137
319.295   3138
319.35999999999996   3139
319.365   3140
319.43   3141
319.47499999999997   3142
319.47499999999997   3143
319.485   3144
319.52500000000003   3145
319.53000000000003   3146
319.545   3147
319.8   3148
320.075   3149
320.12   3150
