209.11999999999998   1
209.12249999999997   2
209.12749999999997   3
209.13   4
209.13499999999996   5
209.14499999999998   6
209.14749999999998   7
209.14749999999998   8
209.155   9
209.15999999999997   10
209.16249999999997   11
209.1675   12
209.17000000000002   13
209.1725   14
209.17499999999998   15
209.17499999999998   16
209.17749999999998   17
209.17749999999998   18
209.17749999999998   19
209.195   20
209.2   21
209.2075   22
209.21749999999997   23
209.22   24
209.22499999999997   25
209.22499999999997   26
209.22499999999997   27
209.22499999999997   28
209.22749999999996   29
209.2375   30
209.2375   31
209.2375   32
209.23999999999998   33
209.24249999999998   34
209.2475   35
209.25   36
209.25499999999997   37
209.25749999999996   38
209.26   39
209.2625   40
209.2625   41
209.265   42
209.26749999999998   43
209.26749999999998   44
209.26749999999998   45
209.26749999999998   46
209.2725   47
209.2725   48
209.275   49
209.275   50
209.275   51
209.2775   52
209.27999999999997   53
209.27999999999997   54
209.28249999999997   55
209.285   56
209.285   57
209.2875   58
209.2875   59
209.2875   60
209.29   61
209.29   62
209.29   63
209.2925   64
209.2925   65
209.295   66
209.295   67
209.2975   68
209.2975   69
209.2975   70
209.2975   71
209.3   72
209.30249999999998   73
209.30249999999998   74
209.30249999999998   75
209.30499999999998   76
209.30499999999998   77
209.3125   78
209.3125   79
209.31999999999996   80
209.32249999999996   81
209.32249999999996   82
209.32500000000002   83
209.32500000000002   84
209.33   85
209.33   86
209.3325   87
209.34249999999997   88
209.34499999999997   89
209.35500000000002   90
209.35500000000002   91
209.35750000000002   92
209.35750000000002   93
209.36249999999998   94
209.36249999999998   95
209.36749999999998   96
209.3725   97
209.3725   98
209.3725   99
209.37499999999997   100
209.37749999999997   101
209.38249999999996   102
209.38499999999996   103
209.3975   104
209.3975   105
209.39999999999998   106
209.39999999999998   107
209.405   108
209.405   109
209.40749999999997   110
209.41   111
209.4125   112
209.4125   113
209.41749999999996   114
209.41749999999996   115
209.42000000000002   116
209.42000000000002   117
209.4275   118
209.42999999999998   119
209.435   120
209.43999999999997   121
209.44249999999997   122
209.44249999999997   123
209.445   124
209.445   125
209.4475   126
209.45000000000002   127
209.45000000000002   128
209.45250000000001   129
209.45250000000001   130
209.46749999999997   131
209.46749999999997   132
209.46999999999997   133
209.47249999999997   134
209.47249999999997   135
209.47249999999997   136
209.475   137
209.4775   138
209.48   139
209.485   140
209.4875   141
209.4875   142
209.4875   143
209.4875   144
209.4925   145
209.50249999999997   146
209.50499999999997   147
209.5125   148
209.51999999999998   149
209.51999999999998   150
209.525   151
209.53499999999997   152
209.54500000000002   153
209.54500000000002   154
209.5475   155
209.5475   156
209.5475   157
209.54999999999998   158
209.55249999999998   159
209.55249999999998   160
209.55999999999997   161
209.56249999999997   162
209.565   163
209.5675   164
209.57   165
209.5725   166
209.5875   167
209.58999999999997   168
209.58999999999997   169
209.58999999999997   170
209.58999999999997   171
209.59249999999997   172
209.595   173
209.595   174
209.5975   175
209.5975   176
209.59999999999997   177
209.6075   178
209.61   179
209.61749999999998   180
209.61749999999998   181
209.62   182
209.62   183
209.62249999999997   184
209.6275   185
209.63249999999996   186
209.63249999999996   187
209.635   188
209.635   189
209.6375   190
209.6375   191
209.6375   192
209.64   193
209.64   194
209.64   195
209.645   196
209.64749999999998   197
209.6525   198
209.66   199
209.66   200
209.665   201
209.665   202
209.67   203
209.67249999999999   204
209.685   205
209.685   206
209.68749999999997   207
209.68749999999997   208
209.69   209
209.69   210
209.69499999999996   211
209.69499999999996   212
209.69749999999996   213
209.7075   214
209.70999999999998   215
209.70999999999998   216
209.71249999999998   217
209.715   218
209.715   219
209.71749999999997   220
209.71749999999997   221
209.72249999999997   222
209.725   223
209.73000000000002   224
209.73499999999999   225
209.74   226
209.7425   227
209.745   228
209.74999999999997   229
209.74999999999997   230
209.75249999999997   231
209.75249999999997   232
209.755   233
209.7575   234
209.7575   235
209.75999999999996   236
209.76500000000001   237
209.7675   238
209.77   239
209.7725   240
209.77499999999998   241
209.77749999999997   242
209.7825   243
209.7825   244
209.785   245
209.7875   246
209.7875   247
209.78999999999996   248
209.78999999999996   249
209.79249999999996   250
209.79249999999996   251
209.79500000000002   252
209.79749999999999   253
209.80249999999998   254
209.805   255
209.805   256
209.8075   257
209.8075   258
209.81   259
209.81   260
209.81   261
209.81499999999997   262
209.81749999999997   263
209.81749999999997   264
209.8225   265
209.82500000000002   266
209.82500000000002   267
209.82999999999998   268
209.835   269
209.835   270
209.83749999999998   271
209.83749999999998   272
209.83749999999998   273
209.83999999999997   274
209.845   275
209.845   276
209.8475   277
209.8525   278
209.86   279
209.86249999999998   280
209.865   281
209.865   282
209.8675   283
209.87249999999997   284
209.87249999999997   285
209.87749999999997   286
209.87999999999997   287
209.88249999999996   288
209.885   289
209.8875   290
209.8875   291
209.8875   292
209.89000000000001   293
209.8925   294
209.89499999999998   295
209.89749999999998   296
209.905   297
209.9075   298
209.90999999999997   299
209.91249999999997   300
209.915   301
209.91749999999996   302
209.9225   303
209.92499999999998   304
209.9325   305
209.93499999999997   306
209.93749999999997   307
209.94249999999997   308
209.945   309
209.945   310
209.945   311
209.95   312
209.95   313
209.95   314
209.95749999999998   315
209.95999999999998   316
209.95999999999998   317
209.95999999999998   318
209.96249999999998   319
209.96249999999998   320
209.96249999999998   321
209.965   322
209.965   323
209.9725   324
209.98250000000002   325
209.98250000000002   326
209.9875   327
209.9875   328
209.9875   329
209.98999999999998   330
209.98999999999998   331
209.99249999999998   332
209.99249999999998   333
209.995   334
209.995   335
209.99749999999997   336
210.01250000000002   337
210.01250000000002   338
210.015   339
210.02   340
210.03249999999997   341
210.03249999999997   342
210.03749999999997   343
210.03749999999997   344
210.03749999999997   345
210.045   346
210.045   347
210.045   348
210.0475   349
210.0475   350
210.0475   351
210.05   352
210.0525   353
210.0625   354
210.0625   355
210.0625   356
210.0625   357
210.0675   358
210.07249999999996   359
210.0775   360
210.0775   361
210.07999999999998   362
210.08249999999998   363
210.08499999999998   364
210.0925   365
210.0925   366
210.1   367
210.1025   368
210.1025   369
210.10500000000002   370
210.10500000000002   371
210.10750000000002   372
210.10750000000002   373
210.10750000000002   374
210.10999999999999   375
210.10999999999999   376
210.115   377
210.115   378
210.115   379
210.11749999999998   380
210.11999999999998   381
210.1275   382
210.13499999999996   383
210.14000000000001   384
210.14000000000001   385
210.145   386
210.1475   387
210.15249999999997   388
210.15999999999997   389
210.165   390
210.1675   391
210.17000000000002   392
210.17499999999998   393
210.17749999999998   394
210.19249999999997   395
210.195   396
210.20000000000002   397
210.20250000000001   398
210.20749999999998   399
210.21749999999997   400
210.22249999999997   401
210.225   402
210.225   403
210.22750000000002   404
210.22750000000002   405
210.23   406
210.23   407
210.23   408
210.23   409
210.2375   410
210.2375   411
210.24499999999998   412
210.24499999999998   413
210.24499999999998   414
210.2525   415
210.25499999999997   416
210.25499999999997   417
210.26   418
210.2625   419
210.26999999999998   420
210.27249999999998   421
210.27249999999998   422
210.2775   423
210.28   424
210.2825   425
210.2825   426
210.2825   427
210.28499999999997   428
210.28749999999997   429
210.2925   430
210.295   431
210.3   432
210.3   433
210.3025   434
210.305   435
210.30999999999997   436
210.31249999999997   437
210.31749999999997   438
210.31999999999996   439
210.325   440
210.325   441
210.33   442
210.33249999999998   443
210.33499999999998   444
210.3425   445
210.345   446
210.35249999999996   447
210.35500000000002   448
210.3575   449
210.3575   450
210.36   451
210.3625   452
210.36749999999998   453
210.36749999999998   454
210.37749999999997   455
210.38   456
210.395   457
210.4025   458
210.4025   459
210.41499999999996   460
210.41749999999996   461
210.425   462
210.425   463
210.435   464
210.44749999999996   465
210.44749999999996   466
210.45000000000002   467
210.4525   468
210.45499999999998   469
210.4675   470
210.48000000000002   471
210.48250000000002   472
210.50249999999997   473
210.5075   474
210.50999999999996   475
210.5175   476
210.5175   477
210.52   478
210.52499999999998   479
210.53749999999997   480
210.56   481
210.5725   482
210.58   483
210.5875   484
210.595   485
210.6   486
210.605   487
210.6275   488
210.6375   489
210.64749999999998   490
210.64749999999998   491
210.6725   492
210.69749999999996   493
210.7   494
210.72   495
210.73000000000002   496
210.7325   497
210.76   498
210.76749999999998   499
210.77499999999998   500
210.78999999999996   501
210.81499999999997   502
210.82500000000002   503
210.85999999999999   504
210.87249999999997   505
210.89000000000001   506
210.895   507
210.8975   508
210.90249999999997   509
210.905   510
210.905   511
210.905   512
210.9075   513
210.915   514
210.92000000000002   515
210.9225   516
210.92499999999998   517
210.92749999999998   518
210.93249999999998   519
210.9425   520
210.9475   521
210.96749999999997   522
210.97499999999997   523
210.98   524
210.9875   525
211.00749999999996   526
211.02999999999997   527
211.04   528
211.04   529
211.045   530
211.055   531
211.06999999999996   532
211.07500000000002   533
211.07500000000002   534
211.09   535
211.13   536
211.14   537
211.145   538
211.14999999999998   539
211.16   540
211.16499999999996   541
211.16499999999996   542
211.16499999999996   543
211.17000000000002   544
211.175   545
211.17999999999998   546
211.185   547
211.195   548
211.20000000000002   549
211.20000000000002   550
211.20000000000002   551
211.20499999999998   552
211.21   553
211.215   554
211.215   555
211.21999999999997   556
211.235   557
211.24   558
211.24   559
211.25   560
211.255   561
211.26999999999998   562
211.26999999999998   563
211.275   564
211.28   565
211.28   566
211.305   567
211.32   568
211.325   569
211.345   570
211.355   571
211.355   572
211.355   573
211.355   574
211.36   575
211.36499999999998   576
211.36499999999998   577
211.37   578
211.37999999999997   579
211.39   580
211.39499999999998   581
211.41   582
211.42   583
211.42999999999998   584
211.42999999999998   585
211.435   586
211.435   587
211.44   588
211.44   589
211.455   590
211.465   591
211.475   592
211.475   593
211.48499999999999   594
211.49999999999997   595
211.50999999999996   596
211.50999999999996   597
211.515   598
211.52   599
211.56499999999997   600
211.57999999999998   601
211.585   602
211.58999999999997   603
211.59499999999997   604
211.59499999999997   605
211.6   606
211.605   607
211.605   608
211.605   609
211.61   610
211.615   611
211.625   612
211.64499999999998   613
211.64499999999998   614
211.65999999999997   615
211.67499999999998   616
211.68499999999997   617
211.68499999999997   618
211.7   619
211.7   620
211.71499999999997   621
211.735   622
211.75499999999997   623
211.77   624
211.81   625
211.82500000000002   626
211.84   627
211.85   628
211.85500000000002   629
211.88499999999996   630
211.89000000000001   631
211.89000000000001   632
211.92000000000002   633
211.92499999999998   634
211.93   635
211.93   636
211.93   637
211.93999999999997   638
211.945   639
211.95499999999998   640
211.96   641
211.975   642
212   643
212   644
212.00499999999997   645
212.04   646
212.065   647
212.07   648
212.08   649
212.08   650
212.08   651
212.14   652
212.14   653
212.145   654
212.15   655
212.16499999999996   656
212.17   657
212.19499999999996   658
212.225   659
212.27499999999998   660
212.29500000000002   661
212.42   662
212.43   663
212.44   664
212.44499999999996   665
212.44499999999996   666
212.44499999999996   667
212.455   668
212.455   669
212.455   670
212.455   671
212.455   672
212.465   673
212.47499999999997   674
212.48000000000002   675
212.48000000000002   676
212.48000000000002   677
212.485   678
212.48999999999998   679
212.495   680
212.495   681
212.495   682
212.49999999999997   683
212.49999999999997   684
212.505   685
212.505   686
212.51   687
212.51   688
212.515   689
212.515   690
212.515   691
212.52   692
212.525   693
212.525   694
212.525   695
212.525   696
212.525   697
212.525   698
212.525   699
212.52999999999997   700
212.52999999999997   701
212.52999999999997   702
212.52999999999997   703
212.52999999999997   704
212.535   705
212.53999999999996   706
212.53999999999996   707
212.53999999999996   708
212.53999999999996   709
212.55   710
212.55   711
212.55   712
212.55   713
212.55499999999998   714
212.55499999999998   715
212.55499999999998   716
212.55499999999998   717
212.56   718
212.56   719
212.56   720
212.56   721
212.56499999999997   722
212.56499999999997   723
212.57500000000002   724
212.57999999999998   725
212.57999999999998   726
212.57999999999998   727
212.585   728
212.585   729
212.585   730
212.59499999999997   731
212.59499999999997   732
212.6   733
212.6   734
212.6   735
212.6   736
212.60500000000002   737
212.60999999999999   738
212.60999999999999   739
212.60999999999999   740
212.615   741
212.615   742
212.615   743
212.61999999999998   744
212.61999999999998   745
212.61999999999998   746
212.61999999999998   747
212.61999999999998   748
212.625   749
212.625   750
212.63499999999996   751
212.64000000000001   752
212.65999999999997   753
212.67000000000002   754
212.67499999999998   755
212.68   756
212.68   757
212.685   758
212.685   759
212.685   760
212.68999999999997   761
212.68999999999997   762
212.68999999999997   763
212.705   764
212.71   765
212.71   766
212.71   767
212.71   768
212.71499999999997   769
212.71499999999997   770
212.71499999999997   771
212.71499999999997   772
212.72   773
212.72   774
212.73   775
212.735   776
212.735   777
212.73999999999998   778
212.73999999999998   779
212.73999999999998   780
212.75   781
212.75499999999997   782
212.75499999999997   783
212.76   784
212.76500000000001   785
212.76999999999998   786
212.775   787
212.77999999999997   788
212.77999999999997   789
212.785   790
212.79   791
212.79   792
212.79   793
212.795   794
212.795   795
212.795   796
212.795   797
212.8   798
212.80999999999997   799
212.815   800
212.815   801
212.815   802
212.815   803
212.815   804
212.81999999999996   805
212.825   806
212.825   807
212.825   808
212.825   809
212.825   810
212.83   811
212.83499999999998   812
212.83499999999998   813
212.83499999999998   814
212.84   815
212.845   816
212.845   817
212.85500000000002   818
212.865   819
212.865   820
212.865   821
212.865   822
212.87   823
212.87499999999997   824
212.88   825
212.88   826
212.88   827
212.885   828
212.885   829
212.885   830
212.885   831
212.895   832
212.895   833
212.905   834
212.91499999999996   835
212.91499999999996   836
212.92000000000002   837
212.92999999999998   838
212.92999999999998   839
212.92999999999998   840
212.93999999999997   841
212.945   842
212.95000000000002   843
212.95000000000002   844
212.95000000000002   845
212.95499999999998   846
212.95499999999998   847
212.96   848
212.96   849
212.96   850
212.965   851
212.965   852
212.965   853
212.98   854
212.98   855
212.98499999999999   856
212.98499999999999   857
212.99   858
212.99   859
212.99499999999998   860
212.99499999999998   861
212.99499999999998   862
212.99499999999998   863
212.99499999999998   864
213.00999999999996   865
213.01500000000001   866
213.01999999999998   867
213.02499999999998   868
213.02499999999998   869
213.03499999999997   870
213.04500000000002   871
213.04500000000002   872
213.04500000000002   873
213.04500000000002   874
213.04999999999998   875
213.04999999999998   876
213.055   877
213.055   878
213.055   879
213.05999999999997   880
213.05999999999997   881
213.05999999999997   882
213.07   883
213.075   884
213.075   885
213.08   886
213.08   887
213.08   888
213.085   889
213.08999999999997   890
213.08999999999997   891
213.08999999999997   892
213.08999999999997   893
213.095   894
213.105   895
213.105   896
213.105   897
213.105   898
213.11   899
213.11499999999998   900
213.11499999999998   901
213.11499999999998   902
213.125   903
213.125   904
213.12999999999997   905
213.135   906
213.135   907
213.15   908
213.15499999999997   909
213.15499999999997   910
213.15499999999997   911
213.15499999999997   912
213.165   913
213.17   914
213.17   915
213.17   916
213.175   917
213.17999999999998   918
213.17999999999998   919
213.18499999999997   920
213.18499999999997   921
213.19   922
213.19499999999996   923
213.19499999999996   924
213.20000000000002   925
213.20000000000002   926
213.205   927
213.205   928
213.20999999999998   929
213.20999999999998   930
213.20999999999998   931
213.22499999999997   932
213.23499999999999   933
213.23499999999999   934
213.23499999999999   935
213.23499999999999   936
213.24   937
213.24   938
213.245   939
213.245   940
213.245   941
213.245   942
213.245   943
213.24999999999997   944
213.255   945
213.25999999999996   946
213.265   947
213.265   948
213.265   949
213.27   950
213.27   951
213.27   952
213.27   953
213.27   954
213.27499999999998   955
213.28   956
213.285   957
213.29500000000002   958
213.29500000000002   959
213.3   960
213.3   961
213.3   962
213.30499999999998   963
213.31   964
213.31499999999997   965
213.31499999999997   966
213.31499999999997   967
213.32   968
213.32   969
213.32500000000002   970
213.32500000000002   971
213.32500000000002   972
213.32500000000002   973
213.32999999999998   974
213.32999999999998   975
213.335   976
213.34   977
213.34499999999997   978
213.34499999999997   979
213.35   980
213.355   981
213.355   982
213.36   983
213.36999999999998   984
213.375   985
213.37999999999997   986
213.37999999999997   987
213.38499999999996   988
213.39000000000001   989
213.4   990
213.405   991
213.40999999999997   992
213.415   993
213.415   994
213.42000000000002   995
213.42499999999998   996
213.42499999999998   997
213.43499999999997   998
213.43499999999997   999
213.44   1000
213.445   1001
213.45   1002
213.45   1003
213.45   1004
213.45   1005
213.455   1006
213.46   1007
213.46   1008
213.46   1009
213.46499999999997   1010
213.46499999999997   1011
213.47   1012
213.47   1013
213.48000000000002   1014
213.48000000000002   1015
213.485   1016
213.485   1017
213.48999999999998   1018
213.50499999999997   1019
213.525   1020
213.535   1021
213.535   1022
213.545   1023
213.545   1024
213.55   1025
213.55   1026
213.55499999999998   1027
213.55499999999998   1028
213.56   1029
213.565   1030
213.565   1031
213.56999999999996   1032
213.56999999999996   1033
213.57500000000002   1034
213.57500000000002   1035
213.58499999999998   1036
213.59   1037
213.59   1038
213.59499999999997   1039
213.59499999999997   1040
213.60500000000002   1041
213.60500000000002   1042
213.60999999999999   1043
213.60999999999999   1044
213.60999999999999   1045
213.62499999999997   1046
213.62499999999997   1047
213.62499999999997   1048
213.63   1049
213.63   1050
213.63499999999996   1051
213.63499999999996   1052
213.64   1053
213.645   1054
213.645   1055
213.645   1056
213.655   1057
213.655   1058
213.655   1059
213.66499999999996   1060
213.67000000000002   1061
213.68   1062
213.695   1063
213.695   1064
213.71   1065
213.73   1066
213.74   1067
213.74   1068
213.74499999999998   1069
213.74499999999998   1070
213.74499999999998   1071
213.75   1072
213.75   1073
213.75   1074
213.76   1075
213.76   1076
213.76500000000001   1077
213.76500000000001   1078
213.76999999999998   1079
213.76999999999998   1080
213.76999999999998   1081
213.78   1082
213.78499999999997   1083
213.79999999999998   1084
213.79999999999998   1085
213.815   1086
213.815   1087
213.82   1088
213.825   1089
213.83499999999998   1090
213.83999999999997   1091
213.83999999999997   1092
213.87   1093
213.895   1094
213.90499999999997   1095
213.94499999999996   1096
213.94499999999996   1097
213.95000000000002   1098
213.955   1099
213.965   1100
213.96999999999997   1101
213.96999999999997   1102
213.98499999999999   1103
213.99499999999998   1104
214.00999999999996   1105
214.01500000000001   1106
214.03999999999996   1107
214.095   1108
214.1   1109
214.1   1110
214.11999999999998   1111
214.12999999999997   1112
214.14000000000001   1113
214.14000000000001   1114
214.14499999999998   1115
214.17   1116
214.17   1117
214.19499999999996   1118
214.2   1119
214.2   1120
214.205   1121
214.20999999999998   1122
214.235   1123
214.235   1124
214.23999999999998   1125
214.245   1126
214.245   1127
214.24999999999997   1128
214.26   1129
214.27   1130
214.27999999999997   1131
214.29500000000002   1132
214.32500000000002   1133
214.35999999999999   1134
214.38   1135
214.38499999999996   1136
214.38499999999996   1137
214.38499999999996   1138
214.39000000000001   1139
214.40999999999997   1140
214.415   1141
214.42000000000002   1142
214.43   1143
214.43999999999997   1144
214.45   1145
214.475   1146
214.485   1147
214.5   1148
214.51   1149
214.525   1150
214.52999999999997   1151
214.52999999999997   1152
214.535   1153
214.535   1154
214.535   1155
214.545   1156
214.55999999999997   1157
214.565   1158
214.565   1159
214.565   1160
214.58   1161
214.59   1162
214.60999999999999   1163
214.62499999999997   1164
214.635   1165
214.635   1166
214.64   1167
214.645   1168
214.645   1169
214.645   1170
214.645   1171
214.645   1172
214.64999999999998   1173
214.64999999999998   1174
214.65499999999997   1175
214.66   1176
214.66499999999996   1177
214.67000000000002   1178
214.685   1179
214.685   1180
214.70000000000002   1181
214.70499999999998   1182
214.715   1183
214.73499999999999   1184
214.74   1185
214.74499999999998   1186
214.76500000000001   1187
214.78   1188
214.78   1189
214.78499999999997   1190
214.78499999999997   1191
214.78499999999997   1192
214.79500000000002   1193
214.79999999999998   1194
214.805   1195
214.80999999999997   1196
214.81499999999997   1197
214.83   1198
214.835   1199
214.835   1200
214.83999999999997   1201
214.86   1202
214.86   1203
214.86   1204
214.87   1205
214.89000000000001   1206
214.89499999999998   1207
214.91   1208
214.92   1209
214.92   1210
214.925   1211
214.94   1212
214.95000000000002   1213
214.955   1214
214.95999999999998   1215
214.95999999999998   1216
214.97   1217
214.97499999999997   1218
214.98000000000002   1219
214.99   1220
214.99   1221
214.99999999999997   1222
215.02   1223
215.02   1224
215.035   1225
215.05   1226
215.06   1227
215.06499999999997   1228
215.06499999999997   1229
215.07500000000002   1230
215.07999999999998   1231
215.115   1232
215.125   1233
215.15999999999997   1234
215.165   1235
215.17000000000002   1236
215.17000000000002   1237
215.19   1238
215.195   1239
215.2   1240
215.21   1241
215.21499999999997   1242
215.22499999999997   1243
215.22499999999997   1244
215.23999999999998   1245
215.25   1246
215.25499999999997   1247
215.26999999999998   1248
215.275   1249
215.34   1250
215.35500000000002   1251
215.365   1252
215.38   1253
215.38499999999996   1254
215.38499999999996   1255
215.395   1256
215.41   1257
215.41499999999996   1258
215.42999999999998   1259
215.46   1260
215.46999999999997   1261
215.54500000000002   1262
215.61   1263
215.635   1264
215.73000000000002   1265
215.755   1266
215.76500000000001   1267
215.86999999999998   1268
215.875   1269
215.87999999999997   1270
215.885   1271
215.89499999999998   1272
215.89499999999998   1273
215.905   1274
215.905   1275
215.90999999999997   1276
215.915   1277
215.92   1278
215.92   1279
215.92499999999998   1280
215.92499999999998   1281
215.92499999999998   1282
215.93   1283
215.93   1284
215.93499999999997   1285
215.93499999999997   1286
215.93499999999997   1287
215.94   1288
215.94   1289
215.945   1290
215.95   1291
215.95   1292
215.95   1293
215.95   1294
215.95   1295
215.955   1296
215.955   1297
215.955   1298
215.955   1299
215.95999999999998   1300
215.95999999999998   1301
215.95999999999998   1302
215.95999999999998   1303
215.965   1304
215.965   1305
215.965   1306
215.965   1307
215.965   1308
215.965   1309
215.965   1310
215.97   1311
215.97499999999997   1312
215.97499999999997   1313
215.97499999999997   1314
215.98000000000002   1315
215.985   1316
215.985   1317
215.985   1318
215.98999999999998   1319
216.015   1320
216.015   1321
216.025   1322
216.025   1323
216.02999999999997   1324
216.05499999999998   1325
216.05499999999998   1326
216.065   1327
216.07500000000002   1328
216.07999999999998   1329
216.07999999999998   1330
216.07999999999998   1331
216.08499999999998   1332
216.10500000000002   1333
216.10500000000002   1334
216.10999999999999   1335
216.10999999999999   1336
216.115   1337
216.115   1338
216.115   1339
216.115   1340
216.115   1341
216.11999999999998   1342
216.12499999999997   1343
216.12499999999997   1344
216.12499999999997   1345
216.12499999999997   1346
216.13   1347
216.13   1348
216.13   1349
216.13   1350
216.13499999999996   1351
216.13499999999996   1352
216.14000000000001   1353
216.14000000000001   1354
216.145   1355
216.145   1356
216.145   1357
216.14999999999998   1358
216.14999999999998   1359
216.15999999999997   1360
216.165   1361
216.165   1362
216.17000000000002   1363
216.18   1364
216.18   1365
216.18   1366
216.18   1367
216.18   1368
216.185   1369
216.185   1370
216.18999999999997   1371
216.18999999999997   1372
216.18999999999997   1373
216.20000000000002   1374
216.20000000000002   1375
216.20499999999998   1376
216.20499999999998   1377
216.21   1378
216.21499999999997   1379
216.21499999999997   1380
216.22   1381
216.22   1382
216.22   1383
216.225   1384
216.235   1385
216.24   1386
216.24   1387
216.24499999999998   1388
216.25499999999997   1389
216.25499999999997   1390
216.25499999999997   1391
216.26   1392
216.26   1393
216.26   1394
216.26500000000001   1395
216.26500000000001   1396
216.26500000000001   1397
216.26500000000001   1398
216.26999999999998   1399
216.26999999999998   1400
216.275   1401
216.27999999999997   1402
216.28499999999997   1403
216.28499999999997   1404
216.28499999999997   1405
216.28499999999997   1406
216.29   1407
216.29   1408
216.29   1409
216.295   1410
216.295   1411
216.295   1412
216.3   1413
216.3   1414
216.3   1415
216.30999999999997   1416
216.315   1417
216.315   1418
216.31999999999996   1419
216.325   1420
216.33   1421
216.33   1422
216.33499999999998   1423
216.33499999999998   1424
216.34   1425
216.34   1426
216.345   1427
216.34999999999997   1428
216.35500000000002   1429
216.36   1430
216.36   1431
216.36   1432
216.36499999999998   1433
216.36499999999998   1434
216.37   1435
216.37499999999997   1436
216.37499999999997   1437
216.37499999999997   1438
216.37499999999997   1439
216.38   1440
216.38   1441
216.385   1442
216.385   1443
216.39   1444
216.39   1445
216.395   1446
216.395   1447
216.4   1448
216.4   1449
216.4   1450
216.4   1451
216.4   1452
216.40499999999997   1453
216.40499999999997   1454
216.40499999999997   1455
216.41   1456
216.41   1457
216.41499999999996   1458
216.41499999999996   1459
216.41499999999996   1460
216.42000000000002   1461
216.42000000000002   1462
216.425   1463
216.425   1464
216.42999999999998   1465
216.42999999999998   1466
216.42999999999998   1467
216.435   1468
216.435   1469
216.435   1470
216.44   1471
216.44   1472
216.44   1473
216.44   1474
216.45000000000002   1475
216.45000000000002   1476
216.45499999999998   1477
216.45499999999998   1478
216.45499999999998   1479
216.45499999999998   1480
216.45499999999998   1481
216.465   1482
216.475   1483
216.48000000000002   1484
216.48000000000002   1485
216.48499999999999   1486
216.48499999999999   1487
216.48499999999999   1488
216.49   1489
216.49   1490
216.49499999999998   1491
216.5   1492
216.5   1493
216.505   1494
216.505   1495
216.505   1496
216.505   1497
216.505   1498
216.50999999999996   1499
216.50999999999996   1500
216.51500000000001   1501
216.51500000000001   1502
216.52   1503
216.52499999999998   1504
216.52499999999998   1505
216.53   1506
216.53499999999997   1507
216.54   1508
216.54   1509
216.54999999999998   1510
216.54999999999998   1511
216.555   1512
216.555   1513
216.56   1514
216.56   1515
216.56499999999997   1516
216.57   1517
216.57   1518
216.575   1519
216.575   1520
216.575   1521
216.58   1522
216.58   1523
216.585   1524
216.58999999999997   1525
216.58999999999997   1526
216.58999999999997   1527
216.58999999999997   1528
216.595   1529
216.595   1530
216.6   1531
216.6   1532
216.6   1533
216.605   1534
216.61   1535
216.61499999999998   1536
216.61499999999998   1537
216.625   1538
216.62999999999997   1539
216.62999999999997   1540
216.62999999999997   1541
216.62999999999997   1542
216.62999999999997   1543
216.635   1544
216.64000000000001   1545
216.64499999999998   1546
216.65   1547
216.65   1548
216.65   1549
216.66   1550
216.66   1551
216.66   1552
216.66   1553
216.66   1554
216.665   1555
216.67   1556
216.675   1557
216.68499999999997   1558
216.68499999999997   1559
216.68499999999997   1560
216.68499999999997   1561
216.69   1562
216.69   1563
216.69499999999996   1564
216.69499999999996   1565
216.69499999999996   1566
216.69499999999996   1567
216.69499999999996   1568
216.7   1569
216.7   1570
216.7   1571
216.7   1572
216.7   1573
216.705   1574
216.705   1575
216.705   1576
216.705   1577
216.70999999999998   1578
216.715   1579
216.715   1580
216.715   1581
216.715   1582
216.72   1583
216.72   1584
216.72499999999997   1585
216.72499999999997   1586
216.73000000000002   1587
216.73499999999999   1588
216.73499999999999   1589
216.73499999999999   1590
216.73999999999998   1591
216.73999999999998   1592
216.73999999999998   1593
216.745   1594
216.745   1595
216.74999999999997   1596
216.74999999999997   1597
216.74999999999997   1598
216.755   1599
216.755   1600
216.76   1601
216.76   1602
216.76   1603
216.765   1604
216.77   1605
216.77   1606
216.77499999999998   1607
216.77499999999998   1608
216.77499999999998   1609
216.78   1610
216.78   1611
216.785   1612
216.785   1613
216.785   1614
216.785   1615
216.785   1616
216.78999999999996   1617
216.78999999999996   1618
216.8   1619
216.8   1620
216.80499999999998   1621
216.80499999999998   1622
216.80499999999998   1623
216.81   1624
216.81   1625
216.81499999999997   1626
216.82   1627
216.82500000000002   1628
216.82500000000002   1629
216.82500000000002   1630
216.82500000000002   1631
216.835   1632
216.835   1633
216.84   1634
216.84   1635
216.84   1636
216.84499999999997   1637
216.84499999999997   1638
216.85   1639
216.85   1640
216.85   1641
216.85   1642
216.855   1643
216.85999999999999   1644
216.85999999999999   1645
216.85999999999999   1646
216.865   1647
216.86999999999998   1648
216.875   1649
216.88   1650
216.88   1651
216.88499999999996   1652
216.89000000000001   1653
216.89000000000001   1654
216.89000000000001   1655
216.89499999999998   1656
216.89499999999998   1657
216.89499999999998   1658
216.89999999999998   1659
216.905   1660
216.905   1661
216.905   1662
216.905   1663
216.90999999999997   1664
216.90999999999997   1665
216.92000000000002   1666
216.92000000000002   1667
216.92000000000002   1668
216.92000000000002   1669
216.93   1670
216.93   1671
216.93   1672
216.93499999999997   1673
216.93499999999997   1674
216.93999999999997   1675
216.93999999999997   1676
216.93999999999997   1677
216.945   1678
216.95   1679
216.95   1680
216.95   1681
216.955   1682
216.97   1683
216.97499999999997   1684
216.985   1685
216.995   1686
217   1687
217.00499999999997   1688
217.01999999999998   1689
217.01999999999998   1690
217.02999999999997   1691
217.02999999999997   1692
217.04   1693
217.04   1694
217.04   1695
217.04   1696
217.04   1697
217.045   1698
217.05   1699
217.055   1700
217.055   1701
217.05999999999997   1702
217.07500000000002   1703
217.08   1704
217.08499999999998   1705
217.08499999999998   1706
217.09   1707
217.09   1708
217.09   1709
217.09499999999997   1710
217.09499999999997   1711
217.09999999999997   1712
217.10500000000002   1713
217.10999999999999   1714
217.10999999999999   1715
217.10999999999999   1716
217.12   1717
217.12499999999997   1718
217.145   1719
217.155   1720
217.16499999999996   1721
217.16499999999996   1722
217.175   1723
217.17999999999998   1724
217.17999999999998   1725
217.185   1726
217.185   1727
217.18999999999997   1728
217.20499999999998   1729
217.21   1730
217.21   1731
217.215   1732
217.21999999999997   1733
217.24   1734
217.24499999999998   1735
217.25   1736
217.25   1737
217.25   1738
217.255   1739
217.26999999999998   1740
217.28   1741
217.28   1742
217.29   1743
217.29   1744
217.29   1745
217.29500000000002   1746
217.29999999999998   1747
217.315   1748
217.32   1749
217.32   1750
217.325   1751
217.345   1752
217.355   1753
217.37   1754
217.41   1755
217.41   1756
217.415   1757
217.425   1758
217.45000000000002   1759
217.45999999999998   1760
217.475   1761
217.48000000000002   1762
217.48000000000002   1763
217.49999999999997   1764
217.52   1765
217.585   1766
217.61999999999998   1767
217.625   1768
217.62999999999997   1769
217.65   1770
