408.3949999999999   1
408.46500000000003   2
408.47499999999997   3
408.53000000000003   4
408.535   5
408.55499999999995   6
408.565   7
408.57499999999993   8
408.57499999999993   9
408.59   10
408.595   11
408.61999999999995   12
408.625   13
408.63   14
408.63   15
408.645   16
408.645   17
408.65   18
408.655   19
408.655   20
408.66   21
408.66499999999996   22
408.66999999999996   23
408.66999999999996   24
408.69999999999993   25
408.69999999999993   26
408.71000000000004   27
408.72   28
408.725   29
408.73499999999996   30
408.74499999999995   31
408.74999999999994   32
408.755   33
408.76499999999993   34
408.805   35
408.81499999999994   36
408.83500000000004   37
408.87   38
408.87   39
408.87499999999994   40
408.90000000000003   41
408.92   42
408.96000000000004   43
408.96000000000004   44
408.96000000000004   45
408.96500000000003   46
408.96999999999997   47
408.98   48
408.995   49
408.995   50
408.995   51
408.995   52
409.01   53
409.0199999999999   54
409.02500000000003   55
409.02500000000003   56
409.02500000000003   57
409.03000000000003   58
409.045   59
409.06499999999994   60
409.06499999999994   61
409.06999999999994   62
409.08   63
409.085   64
409.085   65
409.09000000000003   66
409.095   67
409.095   68
409.105   69
409.11499999999995   70
409.11499999999995   71
409.11499999999995   72
409.12   73
409.125   74
409.125   75
409.12999999999994   76
409.13499999999993   77
409.14   78
409.15   79
409.16   80
409.17   81
409.185   82
409.19   83
409.19499999999994   84
409.2   85
409.21   86
409.21   87
409.22   88
409.22499999999997   89
409.22499999999997   90
409.24499999999995   91
409.24499999999995   92
409.255   93
409.25999999999993   94
409.25999999999993   95
409.265   96
409.27   97
409.28000000000003   98
409.28000000000003   99
409.285   100
409.3   101
409.30999999999995   102
409.32   103
409.33   104
409.34   105
409.35499999999996   106
409.365   107
409.375   108
409.38   109
409.38   110
409.38499999999993   111
409.395   112
409.41   113
409.41   114
409.41999999999996   115
409.41999999999996   116
409.425   117
409.43   118
409.445   119
409.465   120
409.46999999999997   121
409.475   122
409.47999999999996   123
409.48499999999996   124
409.48499999999996   125
409.495   126
409.49999999999994   127
409.49999999999994   128
409.49999999999994   129
409.53   130
409.53   131
409.54   132
409.54   133
409.54999999999995   134
409.54999999999995   135
409.555   136
409.555   137
409.555   138
409.555   139
409.55999999999995   140
409.55999999999995   141
409.56499999999994   142
409.56499999999994   143
409.57   144
409.575   145
409.575   146
409.575   147
409.575   148
409.5799999999999   149
409.5799999999999   150
409.6   151
409.605   152
409.605   153
409.615   154
409.615   155
409.62   156
409.62499999999994   157
409.62999999999994   158
409.635   159
409.635   160
409.665   161
409.67499999999995   162
409.685   163
409.695   164
409.695   165
409.71500000000003   166
409.71500000000003   167
409.72499999999997   168
409.72499999999997   169
409.72499999999997   170
409.745   171
409.75   172
409.75499999999994   173
409.75499999999994   174
409.75499999999994   175
409.76   176
409.765   177
409.7699999999999   178
409.78499999999997   179
409.79999999999995   180
409.83   181
409.84000000000003   182
409.855   183
409.86   184
409.875   185
409.895   186
409.895   187
409.92   188
409.925   189
409.935   190
409.935   191
409.94   192
409.955   193
409.965   194
409.97   195
410.03999999999996   196
410.055   197
410.07499999999993   198
410.09   199
410.09   200
410.095   201
410.11   202
410.115   203
410.115   204
410.12499999999994   205
410.13999999999993   206
410.15000000000003   207
410.16999999999996   208
410.16999999999996   209
410.175   210
410.2049999999999   211
410.215   212
410.225   213
410.24   214
410.245   215
410.245   216
410.24999999999994   217
410.255   218
410.26499999999993   219
410.27   220
410.285   221
410.305   222
410.31   223
410.31499999999994   224
410.34000000000003   225
410.39   226
410.3949999999999   227
410.40000000000003   228
410.415   229
410.42   230
410.42   231
410.43   232
410.45   233
410.47   234
410.47499999999997   235
410.485   236
410.48999999999995   237
410.515   238
410.53499999999997   239
410.545   240
410.55499999999995   241
410.56999999999994   242
410.585   243
410.595   244
410.605   245
410.605   246
410.61   247
410.63499999999993   248
410.65   249
410.67999999999995   250
410.67999999999995   251
410.69   252
410.69499999999994   253
410.69999999999993   254
410.72   255
410.72   256
410.72999999999996   257
410.75999999999993   258
410.75999999999993   259
410.77   260
410.78   261
410.80999999999995   262
410.82499999999993   263
410.865   264
410.88999999999993   265
410.895   266
410.90000000000003   267
410.915   268
410.91999999999996   269
410.91999999999996   270
410.925   271
410.93   272
410.93499999999995   273
410.93999999999994   274
410.995   275
410.995   276
411.02500000000003   277
411.03   278
411.06   279
411.08500000000004   280
411.10999999999996   281
411.11499999999995   282
411.12   283
411.12   284
411.12   285
411.125   286
411.125   287
411.125   288
411.12999999999994   289
411.1449999999999   290
411.1449999999999   291
411.2   292
411.205   293
411.245   294
411.245   295
411.25499999999994   296
411.265   297
411.27   298
411.285   299
411.285   300
411.30499999999995   301
411.315   302
411.31999999999994   303
411.345   304
411.34999999999997   305
411.34999999999997   306
411.38499999999993   307
411.4   308
411.41   309
411.44   310
411.455   311
411.475   312
411.50999999999993   313
411.50999999999993   314
411.55999999999995   315
411.565   316
411.5799999999999   317
411.58500000000004   318
411.6   319
411.60499999999996   320
411.655   321
411.685   322
411.68999999999994   323
411.7   324
411.7   325
411.71000000000004   326
411.71500000000003   327
411.73   328
411.73499999999996   329
411.78000000000003   330
411.81   331
411.84499999999997   332
411.875   333
411.89   334
411.90500000000003   335
411.94499999999994   336
411.96   337
411.96500000000003   338
412.00999999999993   339
412.02   340
412.025   341
412.045   342
412.08   343
412.13499999999993   344
412.145   345
412.15   346
412.195   347
412.22999999999996   348
412.24999999999994   349
412.285   350
412.29   351
412.315   352
412.3299999999999   353
412.33500000000004   354
412.37   355
412.37499999999994   356
412.38   357
412.38   358
412.3949999999999   359
412.46999999999997   360
412.51   361
412.54   362
412.56499999999994   363
412.56499999999994   364
412.59000000000003   365
412.595   366
412.61   367
412.61   368
412.62   369
412.625   370
412.65000000000003   371
412.67999999999995   372
412.685   373
412.72   374
412.73   375
412.755   376
412.78000000000003   377
412.78000000000003   378
412.815   379
412.845   380
412.845   381
412.9   382
412.915   383
412.93   384
412.93499999999995   385
412.945   386
412.955   387
412.975   388
413.02   389
413.02500000000003   390
413.05999999999995   391
413.07   392
413.07   393
413.08500000000004   394
413.09000000000003   395
413.09499999999997   396
413.115   397
413.115   398
413.135   399
413.1449999999999   400
413.15999999999997   401
413.18   402
413.2   403
413.21000000000004   404
413.22499999999997   405
413.31999999999994   406
413.38499999999993   407
413.38499999999993   408
413.41   409
413.41   410
413.41   411
413.42   412
413.435   413
413.44   414
413.47   415
413.5   416
413.5   417
413.50999999999993   418
413.53999999999996   419
413.615   420
413.615   421
413.62499999999994   422
413.63999999999993   423
413.66   424
413.68   425
413.69   426
413.69999999999993   427
413.76   428
413.76499999999993   429
413.8299999999999   430
413.85999999999996   431
413.90500000000003   432
413.935   433
413.96000000000004   434
413.97499999999997   435
413.98   436
413.98   437
414.04999999999995   438
414.065   439
414.075   440
414.145   441
414.15500000000003   442
414.16   443
414.22   444
414.235   445
414.25999999999993   446
414.275   447
414.285   448
414.32   449
414.345   450
414.35499999999996   451
414.365   452
414.36999999999995   453
414.415   454
414.41999999999996   455
414.43   456
414.43999999999994   457
414.44999999999993   458
414.51499999999993   459
414.555   460
414.57   461
414.62   462
414.62999999999994   463
414.65000000000003   464
414.65500000000003   465
414.76   466
414.78999999999996   467
414.81   468
414.81999999999994   469
414.85499999999996   470
414.91   471
414.92   472
414.925   473
414.92999999999995   474
415.00999999999993   475
415.04   476
415.04   477
415.05   478
415.135   479
415.135   480
415.165   481
415.2049999999999   482
415.21999999999997   483
415.23   484
415.34499999999997   485
415.37999999999994   486
415.42499999999995   487
415.46   488
415.55   489
415.65500000000003   490
415.66   491
415.69999999999993   492
415.705   493
415.785   494
415.95   495
416.11499999999995   496
416.36   497
416.51   498
416.535   499
416.855   500
416.955   501
421.635   502
422.1   503
422.16999999999996   504
422.175   505
422.2049999999999   506
422.245   507
422.255   508
422.26   509
422.29499999999996   510
422.325   511
422.42499999999995   512
422.45   513
422.48999999999995   514
422.545   515
422.56999999999994   516
422.59000000000003   517
422.65   518
422.66   519
422.67   520
422.67999999999995   521
422.72   522
422.74   523
422.755   524
422.805   525
422.80999999999995   526
422.83   527
422.85   528
422.85   529
422.865   530
422.87499999999994   531
422.90000000000003   532
422.91999999999996   533
422.96000000000004   534
422.98   535
422.98499999999996   536
422.99999999999994   537
423.03   538
423.045   539
423.04999999999995   540
423.09000000000003   541
423.10999999999996   542
423.12   543
423.135   544
423.15000000000003   545
423.22499999999997   546
423.245   547
423.335   548
423.35499999999996   549
423.38   550
423.38   551
423.42999999999995   552
423.44999999999993   553
423.465   554
423.50999999999993   555
423.57   556
423.57499999999993   557
423.60499999999996   558
423.635   559
423.65000000000003   560
423.65000000000003   561
423.67499999999995   562
423.68999999999994   563
423.71500000000003   564
423.71999999999997   565
423.79999999999995   566
423.82   567
423.825   568
423.84000000000003   569
423.92   570
424.09   571
424.095   572
424.11   573
424.115   574
424.29499999999996   575
424.32   576
424.42499999999995   577
424.43999999999994   578
424.48   579
424.48999999999995   580
424.54999999999995   581
424.54999999999995   582
424.56499999999994   583
424.65000000000003   584
424.675   585
424.74499999999995   586
424.75   587
424.99   588
424.99999999999994   589
425.04499999999996   590
425.1   591
425.1449999999999   592
425.15000000000003   593
425.17499999999995   594
425.21000000000004   595
425.265   596
425.295   597
425.315   598
425.34000000000003   599
425.34999999999997   600
425.395   601
425.425   602
425.42999999999995   603
425.49   604
425.535   605
425.55499999999995   606
425.59   607
425.60499999999996   608
425.62499999999994   609
425.63   610
425.68   611
425.74   612
425.745   613
425.87   614
425.92499999999995   615
426.045   616
426.045   617
426.145   618
426.19499999999994   619
426.19499999999994   620
426.24499999999995   621
426.255   622
426.315   623
426.315   624
426.365   625
426.59000000000003   626
426.59499999999997   627
426.69499999999994   628
426.81999999999994   629
426.83   630
426.92999999999995   631
426.99   632
427.03   633
427.18499999999995   634
427.25499999999994   635
427.31499999999994   636
427.40000000000003   637
427.40000000000003   638
427.42999999999995   639
427.42999999999995   640
427.485   641
427.53999999999996   642
427.59999999999997   643
427.625   644
427.69   645
427.8   646
428.075   647
428.09499999999997   648
428.24499999999995   649
428.36999999999995   650
428.465   651
428.475   652
428.55   653
428.68   654
428.695   655
428.77500000000003   656
428.86   657
428.90500000000003   658
429.08500000000004   659
429.34499999999997   660
429.54   661
429.54999999999995   662
430.595   663
436.475   664
436.52500000000003   665
436.53000000000003   666
436.54999999999995   667
436.56999999999994   668
436.575   669
436.61   670
436.67999999999995   671
436.755   672
436.84   673
436.85   674
436.91999999999996   675
436.945   676
436.96000000000004   677
437.01499999999993   678
437.02   679
437.04499999999996   680
437.04999999999995   681
437.06499999999994   682
437.07   683
437.075   684
437.075   685
437.0799999999999   686
437.09000000000003   687
437.115   688
437.12   689
437.12499999999994   690
437.12999999999994   691
437.135   692
437.135   693
437.155   694
437.165   695
437.17499999999995   696
437.18   697
437.185   698
437.18999999999994   699
437.18999999999994   700
437.2   701
437.2   702
437.21000000000004   703
437.22499999999997   704
437.23   705
437.245   706
437.25   707
437.25499999999994   708
437.25499999999994   709
437.265   710
437.315   711
437.315   712
437.33   713
437.345   714
437.34999999999997   715
437.34999999999997   716
437.34999999999997   717
437.355   718
437.355   719
437.36   720
437.38499999999993   721
437.38499999999993   722
437.4   723
437.41   724
437.41499999999996   725
437.41499999999996   726
437.42   727
437.44   728
437.44   729
437.44999999999993   730
437.44999999999993   731
437.465   732
437.465   733
437.465   734
437.465   735
437.47499999999997   736
437.47999999999996   737
437.47999999999996   738
437.49   739
437.535   740
437.53999999999996   741
437.53999999999996   742
437.55   743
437.55499999999995   744
437.57   745
437.59   746
437.615   747
437.62499999999994   748
437.63   749
437.63   750
437.63   751
437.63499999999993   752
437.66   753
437.66999999999996   754
437.675   755
437.71000000000004   756
437.715   757
437.715   758
437.71999999999997   759
437.73   760
437.73499999999996   761
437.74   762
437.74999999999994   763
437.76   764
437.76   765
437.76499999999993   766
437.76499999999993   767
437.785   768
437.785   769
437.785   770
437.785   771
437.785   772
437.79999999999995   773
437.79999999999995   774
437.81   775
437.81499999999994   776
437.825   777
437.825   778
437.8299999999999   779
437.83500000000004   780
437.83500000000004   781
437.87   782
437.87   783
437.87   784
437.87499999999994   785
437.87999999999994   786
437.89   787
437.90000000000003   788
437.90500000000003   789
437.93   790
437.935   791
437.9549999999999   792
437.96500000000003   793
437.96500000000003   794
437.96999999999997   795
437.97499999999997   796
437.98   797
437.995   798
437.995   799
438   800
438.0199999999999   801
438.03499999999997   802
438.045   803
438.04999999999995   804
438.05499999999995   805
438.105   806
438.11499999999995   807
438.11999999999995   808
438.11999999999995   809
438.125   810
438.125   811
438.17999999999995   812
438.185   813
438.19499999999994   814
438.19499999999994   815
438.19999999999993   816
438.205   817
438.21   818
438.215   819
438.22   820
438.22   821
438.235   822
438.235   823
438.24   824
438.25   825
438.25999999999993   826
438.26499999999993   827
438.28   828
438.28   829
438.28   830
438.285   831
438.28999999999996   832
438.29499999999996   833
438.3   834
438.305   835
438.345   836
438.35999999999996   837
438.35999999999996   838
438.365   839
438.405   840
438.425   841
438.425   842
438.43   843
438.4549999999999   844
438.46000000000004   845
438.465   846
438.46999999999997   847
438.48499999999996   848
438.49   849
438.49999999999994   850
438.5199999999999   851
438.53   852
438.54   853
438.545   854
438.54999999999995   855
438.54999999999995   856
438.5799999999999   857
438.6   858
438.605   859
438.635   860
438.64   861
438.64   862
438.67999999999995   863
438.685   864
438.685   865
438.68999999999994   866
438.68999999999994   867
438.7   868
438.7   869
438.73   870
438.73999999999995   871
438.73999999999995   872
438.75999999999993   873
438.78000000000003   874
438.78999999999996   875
438.81   876
438.815   877
438.84999999999997   878
438.88   879
438.9   880
438.91499999999996   881
438.91499999999996   882
438.99   883
438.99499999999995   884
439.035   885
439.035   886
439.05999999999995   887
439.07499999999993   888
439.07499999999993   889
439.09   890
439.09499999999997   891
439.13999999999993   892
439.18   893
439.2049999999999   894
439.21000000000004   895
439.26   896
439.26499999999993   897
439.29999999999995   898
439.3299999999999   899
439.34499999999997   900
439.36   901
439.40500000000003   902
439.42   903
439.42   904
439.46   905
439.47   906
439.485   907
439.48999999999995   908
439.525   909
439.525   910
439.535   911
439.545   912
439.56999999999994   913
439.65500000000003   914
439.66   915
439.695   916
439.705   917
439.715   918
439.72999999999996   919
439.74999999999994   920
439.78   921
439.79   922
439.805   923
439.82   924
439.82499999999993   925
439.87499999999994   926
439.88999999999993   927
439.93   928
439.93999999999994   929
439.98   930
439.98499999999996   931
439.99999999999994   932
440.01   933
440.03499999999997   934
440.04   935
440.045   936
440.055   937
440.055   938
440.06   939
440.09000000000003   940
440.11499999999995   941
440.14   942
440.1449999999999   943
440.21   944
440.23   945
440.24499999999995   946
440.24499999999995   947
440.255   948
440.27   949
440.335   950
440.345   951
440.35499999999996   952
440.36   953
440.36   954
440.375   955
440.47999999999996   956
440.48499999999996   957
440.55999999999995   958
440.6   959
440.635   960
440.6449999999999   961
440.65000000000003   962
440.65999999999997   963
440.67499999999995   964
440.68999999999994   965
440.72499999999997   966
440.73499999999996   967
440.73999999999995   968
440.76   969
440.78000000000003   970
440.78499999999997   971
440.825   972
440.835   973
440.855   974
440.8949999999999   975
440.9   976
440.92   977
441.00999999999993   978
441.02   979
441.025   980
441.03000000000003   981
441.045   982
441.18   983
441.21000000000004   984
441.225   985
441.22999999999996   986
441.245   987
441.24999999999994   988
441.255   989
441.285   990
441.285   991
441.30999999999995   992
441.33500000000004   993
441.35999999999996   994
441.485   995
441.61   996
441.61   997
441.675   998
441.75   999
441.8   1000
441.82   1001
441.84   1002
441.90000000000003   1003
441.915   1004
441.93999999999994   1005
441.94999999999993   1006
441.94999999999993   1007
441.96999999999997   1008
441.98499999999996   1009
441.995   1010
441.99999999999994   1011
441.99999999999994   1012
442.03499999999997   1013
442.08500000000004   1014
442.12499999999994   1015
442.1449999999999   1016
442.15500000000003   1017
442.21   1018
442.25499999999994   1019
442.27500000000003   1020
442.28000000000003   1021
442.28499999999997   1022
442.33   1023
442.345   1024
442.46   1025
442.49   1026
442.50999999999993   1027
442.52   1028
442.565   1029
442.59   1030
442.645   1031
442.65000000000003   1032
442.68   1033
442.71000000000004   1034
442.73499999999996   1035
442.77500000000003   1036
442.79   1037
442.81   1038
442.855   1039
442.875   1040
442.8949999999999   1041
442.955   1042
442.995   1043
443.03999999999996   1044
443.06999999999994   1045
443.075   1046
443.095   1047
443.09999999999997   1048
443.11   1049
443.145   1050
443.15500000000003   1051
443.19   1052
443.19999999999993   1053
443.21000000000004   1054
443.22   1055
443.225   1056
443.235   1057
443.235   1058
443.27   1059
443.305   1060
443.315   1061
443.37   1062
443.385   1063
443.41   1064
443.53000000000003   1065
443.53499999999997   1066
443.54   1067
443.54999999999995   1068
443.5799999999999   1069
443.61   1070
443.73   1071
443.78000000000003   1072
443.785   1073
443.82499999999993   1074
443.86   1075
443.865   1076
443.89   1077
444.035   1078
444.05   1079
444.07   1080
444.08500000000004   1081
444.115   1082
444.18   1083
444.21000000000004   1084
444.21500000000003   1085
444.3949999999999   1086
444.40999999999997   1087
444.425   1088
444.42999999999995   1089
444.485   1090
444.49499999999995   1091
444.72   1092
444.76499999999993   1093
444.76499999999993   1094
444.84000000000003   1095
444.97499999999997   1096
444.98499999999996   1097
445.0199999999999   1098
445.255   1099
445.33500000000004   1100
445.425   1101
445.44999999999993   1102
445.60999999999996   1103
445.76   1104
445.81999999999994   1105
445.845   1106
445.84999999999997   1107
445.89   1108
446.07   1109
446.115   1110
446.415   1111
447.25499999999994   1112
453.33500000000004   1113
453.365   1114
453.37   1115
453.37999999999994   1116
453.385   1117
453.47499999999997   1118
453.495   1119
453.515   1120
453.53499999999997   1121
453.65   1122
453.74499999999995   1123
453.755   1124
453.77   1125
453.82   1126
453.86999999999995   1127
453.96999999999997   1128
453.995   1129
454.01499999999993   1130
454.0199999999999   1131
454.04   1132
454.07   1133
454.12   1134
454.12   1135
454.12499999999994   1136
454.135   1137
454.15500000000003   1138
454.165   1139
454.22499999999997   1140
454.245   1141
454.25499999999994   1142
454.26   1143
454.335   1144
454.34999999999997   1145
454.36999999999995   1146
454.41   1147
454.42   1148
454.42   1149
454.44499999999994   1150
454.50999999999993   1151
454.535   1152
454.58500000000004   1153
454.655   1154
454.73   1155
454.745   1156
454.75499999999994   1157
454.78499999999997   1158
454.825   1159
454.83500000000004   1160
454.87999999999994   1161
454.915   1162
454.96500000000003   1163
454.97   1164
454.98999999999995   1165
455.015   1166
455.045   1167
455.05499999999995   1168
455.085   1169
455.16   1170
455.175   1171
455.315   1172
455.32   1173
455.38999999999993   1174
455.46500000000003   1175
455.50499999999994   1176
455.53499999999997   1177
455.575   1178
455.585   1179
455.585   1180
455.59499999999997   1181
455.625   1182
455.66499999999996   1183
455.67499999999995   1184
455.685   1185
455.75   1186
455.75499999999994   1187
455.80499999999995   1188
455.81   1189
455.82499999999993   1190
455.91499999999996   1191
456.02500000000003   1192
456.02500000000003   1193
456.05   1194
456.05999999999995   1195
456.07   1196
456.25499999999994   1197
456.295   1198
456.31499999999994   1199
456.59   1200
456.8299999999999   1201
456.84499999999997   1202
456.88999999999993   1203
456.96500000000003   1204
457.11   1205
457.21   1206
457.3   1207
457.315   1208
457.32   1209
457.32499999999993   1210
457.34   1211
457.36   1212
457.365   1213
457.38   1214
457.475   1215
457.54499999999996   1216
457.54499999999996   1217
457.5799999999999   1218
457.58500000000004   1219
457.68999999999994   1220
457.7699999999999   1221
457.79999999999995   1222
457.855   1223
458.03   1224
458.27500000000003   1225
458.43999999999994   1226
458.46500000000003   1227
458.47499999999997   1228
458.48999999999995   1229
458.55499999999995   1230
458.645   1231
458.66   1232
458.78   1233
458.805   1234
458.85999999999996   1235
458.96999999999997   1236
459.01499999999993   1237
459.03   1238
459.04999999999995   1239
459.11499999999995   1240
459.12999999999994   1241
459.1449999999999   1242
459.265   1243
459.3   1244
459.345   1245
459.36999999999995   1246
459.375   1247
459.445   1248
459.49499999999995   1249
459.52   1250
459.78499999999997   1251
459.935   1252
460.05499999999995   1253
460.095   1254
460.19   1255
460.415   1256
460.55499999999995   1257
460.755   1258
460.88   1259
460.9   1260
460.91   1261
461.08500000000004   1262
461.17   1263
461.59   1264
462.17999999999995   1265
462.51499999999993   1266
462.58500000000004   1267
471.695   1268
471.78000000000003   1269
471.78499999999997   1270
471.81499999999994   1271
471.81999999999994   1272
471.855   1273
471.875   1274
471.8949999999999   1275
471.90000000000003   1276
471.985   1277
472.025   1278
472.10499999999996   1279
472.125   1280
472.13499999999993   1281
472.19   1282
472.21000000000004   1283
472.23499999999996   1284
472.29499999999996   1285
472.32499999999993   1286
472.33500000000004   1287
472.34   1288
472.35999999999996   1289
472.37999999999994   1290
472.38999999999993   1291
472.3949999999999   1292
472.405   1293
472.405   1294
472.415   1295
472.415   1296
472.445   1297
472.45   1298
472.4549999999999   1299
472.46999999999997   1300
472.46999999999997   1301
472.50499999999994   1302
472.51   1303
472.51   1304
472.52500000000003   1305
472.52500000000003   1306
472.52500000000003   1307
472.53000000000003   1308
472.56999999999994   1309
472.56999999999994   1310
472.59000000000003   1311
472.595   1312
472.61499999999995   1313
472.625   1314
472.62999999999994   1315
472.6449999999999   1316
472.6449999999999   1317
472.65500000000003   1318
472.66499999999996   1319
472.67   1320
472.67   1321
472.675   1322
472.67999999999995   1323
472.69   1324
472.69499999999994   1325
472.7   1326
472.705   1327
472.71500000000003   1328
472.72   1329
472.72   1330
472.73999999999995   1331
472.74499999999995   1332
472.75999999999993   1333
472.765   1334
472.78000000000003   1335
472.78000000000003   1336
472.785   1337
472.79499999999996   1338
472.80499999999995   1339
472.80999999999995   1340
472.815   1341
472.815   1342
472.83   1343
472.83   1344
472.84   1345
472.845   1346
472.85499999999996   1347
472.86   1348
472.865   1349
472.87499999999994   1350
472.93   1351
472.93499999999995   1352
472.93499999999995   1353
472.94   1354
472.94   1355
472.94999999999993   1356
473.01   1357
473.035   1358
473.055   1359
473.05999999999995   1360
473.06499999999994   1361
473.075   1362
473.075   1363
473.08500000000004   1364
473.09000000000003   1365
473.135   1366
473.135   1367
473.13999999999993   1368
473.1449999999999   1369
473.1449999999999   1370
473.15999999999997   1371
473.15999999999997   1372
473.165   1373
473.17   1374
473.17   1375
473.18   1376
473.185   1377
473.18999999999994   1378
473.21   1379
473.21500000000003   1380
473.21500000000003   1381
473.21999999999997   1382
473.26   1383
473.27500000000003   1384
473.27500000000003   1385
473.27500000000003   1386
473.28000000000003   1387
473.29999999999995   1388
473.31   1389
473.315   1390
473.315   1391
473.31999999999994   1392
473.34000000000003   1393
473.34999999999997   1394
473.36   1395
473.36   1396
473.36999999999995   1397
473.37999999999994   1398
473.37999999999994   1399
473.4   1400
473.41499999999996   1401
473.425   1402
473.425   1403
473.44   1404
473.44499999999994   1405
473.47   1406
473.47499999999997   1407
473.47999999999996   1408
473.505   1409
473.515   1410
473.515   1411
473.535   1412
473.53999999999996   1413
473.565   1414
473.60499999999996   1415
473.615   1416
473.61999999999995   1417
473.62499999999994   1418
473.645   1419
473.65000000000003   1420
473.68999999999994   1421
473.68999999999994   1422
473.695   1423
473.69999999999993   1424
473.715   1425
473.715   1426
473.73499999999996   1427
473.74   1428
473.78   1429
473.805   1430
473.805   1431
473.855   1432
473.85999999999996   1433
473.87999999999994   1434
473.87999999999994   1435
473.885   1436
473.89   1437
473.90000000000003   1438
473.90500000000003   1439
473.90500000000003   1440
473.915   1441
473.935   1442
473.93999999999994   1443
473.98   1444
473.98   1445
473.985   1446
473.995   1447
474.00499999999994   1448
474.00999999999993   1449
474.05499999999995   1450
474.065   1451
474.065   1452
474.09999999999997   1453
474.09999999999997   1454
474.11   1455
474.13   1456
474.13499999999993   1457
474.19   1458
474.205   1459
474.21   1460
474.225   1461
474.24   1462
474.275   1463
474.275   1464
474.3   1465
474.305   1466
474.30999999999995   1467
474.32499999999993   1468
474.37499999999994   1469
474.37499999999994   1470
474.38   1471
474.385   1472
474.395   1473
474.41999999999996   1474
474.4549999999999   1475
474.46000000000004   1476
474.48499999999996   1477
474.49   1478
474.50499999999994   1479
474.51499999999993   1480
474.5199999999999   1481
474.54999999999995   1482
474.56   1483
474.575   1484
474.5799999999999   1485
474.58500000000004   1486
474.605   1487
474.625   1488
474.6449999999999   1489
474.665   1490
474.68999999999994   1491
474.71   1492
474.72499999999997   1493
474.745   1494
474.7699999999999   1495
474.7699999999999   1496
474.78000000000003   1497
474.78999999999996   1498
474.8   1499
474.81999999999994   1500
474.81999999999994   1501
474.88   1502
474.89   1503
474.91   1504
474.93499999999995   1505
474.94999999999993   1506
474.965   1507
474.99   1508
474.99499999999995   1509
475.005   1510
475.02   1511
475.02   1512
475.04499999999996   1513
475.04499999999996   1514
475.065   1515
475.07   1516
475.0799999999999   1517
475.12499999999994   1518
475.135   1519
475.15000000000003   1520
475.16   1521
475.21000000000004   1522
475.24999999999994   1523
475.24999999999994   1524
475.28   1525
475.325   1526
475.335   1527
475.34000000000003   1528
475.36   1529
475.385   1530
475.40500000000003   1531
475.42499999999995   1532
475.435   1533
475.435   1534
475.455   1535
475.48   1536
475.48999999999995   1537
475.48999999999995   1538
475.49499999999995   1539
475.50999999999993   1540
475.52   1541
475.58   1542
475.63499999999993   1543
475.63999999999993   1544
475.66499999999996   1545
475.66499999999996   1546
475.67999999999995   1547
475.715   1548
475.72   1549
475.725   1550
475.73499999999996   1551
475.79   1552
475.79499999999996   1553
475.80999999999995   1554
475.81499999999994   1555
475.865   1556
475.87499999999994   1557
475.885   1558
475.88999999999993   1559
475.8949999999999   1560
475.90000000000003   1561
475.92499999999995   1562
475.945   1563
475.945   1564
475.9549999999999   1565
475.96000000000004   1566
475.98499999999996   1567
475.995   1568
475.99999999999994   1569
476.00499999999994   1570
476.0199999999999   1571
476.02500000000003   1572
476.05499999999995   1573
476.075   1574
476.085   1575
476.09000000000003   1576
476.105   1577
476.105   1578
476.11   1579
476.11499999999995   1580
476.175   1581
476.17999999999995   1582
476.185   1583
476.19   1584
476.205   1585
476.235   1586
476.275   1587
476.34   1588
476.36999999999995   1589
476.375   1590
476.38   1591
476.41   1592
476.41999999999996   1593
476.44   1594
476.44999999999993   1595
476.465   1596
476.47999999999996   1597
476.51   1598
476.535   1599
476.5799999999999   1600
476.59000000000003   1601
476.605   1602
476.60999999999996   1603
476.62   1604
476.62   1605
476.62999999999994   1606
476.7   1607
476.71999999999997   1608
476.745   1609
476.795   1610
476.795   1611
476.80499999999995   1612
476.81   1613
476.835   1614
476.87   1615
476.87999999999994   1616
476.885   1617
476.8949999999999   1618
476.91499999999996   1619
476.92999999999995   1620
476.935   1621
476.94499999999994   1622
476.97   1623
476.99   1624
477.00999999999993   1625
477.03   1626
477.13   1627
477.135   1628
477.135   1629
477.2699999999999   1630
477.315   1631
477.33500000000004   1632
477.40500000000003   1633
477.47   1634
477.48999999999995   1635
477.50499999999994   1636
477.51   1637
477.575   1638
477.5799999999999   1639
477.64   1640
477.64   1641
477.655   1642
477.665   1643
477.69   1644
477.695   1645
477.69999999999993   1646
477.71   1647
477.71999999999997   1648
477.76499999999993   1649
477.77   1650
477.85499999999996   1651
477.93499999999995   1652
478.02   1653
478.03499999999997   1654
478.07499999999993   1655
478.0799999999999   1656
478.12   1657
478.12999999999994   1658
478.13999999999993   1659
478.1449999999999   1660
478.15500000000003   1661
478.205   1662
478.215   1663
478.27   1664
478.3   1665
478.335   1666
478.37499999999994   1667
478.41499999999996   1668
478.42   1669
478.42499999999995   1670
478.435   1671
478.435   1672
478.47   1673
478.47499999999997   1674
478.47499999999997   1675
478.47999999999996   1676
478.47999999999996   1677
478.485   1678
478.48999999999995   1679
478.5   1680
478.605   1681
478.62   1682
478.645   1683
478.65999999999997   1684
478.76   1685
478.815   1686
478.815   1687
478.84   1688
478.865   1689
478.91999999999996   1690
478.98499999999996   1691
478.98999999999995   1692
479.06   1693
479.13499999999993   1694
479.175   1695
479.29999999999995   1696
479.345   1697
479.35499999999996   1698
479.39   1699
479.42999999999995   1700
479.475   1701
479.47999999999996   1702
479.52500000000003   1703
479.54499999999996   1704
479.54999999999995   1705
479.57   1706
479.60999999999996   1707
479.635   1708
479.65500000000003   1709
479.675   1710
479.675   1711
479.75999999999993   1712
479.865   1713
479.87   1714
479.91499999999996   1715
479.98999999999995   1716
480.0199999999999   1717
480.03999999999996   1718
480.05   1719
480.09000000000003   1720
480.10499999999996   1721
480.11999999999995   1722
480.13999999999993   1723
480.2049999999999   1724
480.26   1725
480.375   1726
480.38   1727
480.405   1728
480.445   1729
480.51   1730
480.51   1731
480.53499999999997   1732
480.53499999999997   1733
480.55499999999995   1734
480.58500000000004   1735
480.64   1736
480.71000000000004   1737
480.82499999999993   1738
480.84999999999997   1739
480.94499999999994   1740
480.99499999999995   1741
481.00999999999993   1742
481.02   1743
481.04999999999995   1744
481.16   1745
481.35999999999996   1746
481.37499999999994   1747
481.395   1748
481.42   1749
481.61999999999995   1750
481.68   1751
481.88   1752
482.005   1753
482.03000000000003   1754
482.07   1755
482.26499999999993   1756
482.30999999999995   1757
482.38999999999993   1758
482.4   1759
482.4549999999999   1760
482.62   1761
482.75499999999994   1762
482.855   1763
482.865   1764
483.06   1765
483.10499999999996   1766
483.30499999999995   1767
483.75999999999993   1768
483.82499999999993   1769
484.105   1770
