133.525   1
133.5275   2
133.5375   3
133.55   4
133.55749999999998   5
133.565   6
133.5675   7
133.57   8
133.585   9
133.5925   10
133.5925   11
133.59499999999997   12
133.59749999999997   13
133.60750000000002   14
133.61   15
133.61   16
133.61   17
133.615   18
133.615   19
133.615   20
133.6175   21
133.61999999999998   22
133.62249999999997   23
133.62749999999997   24
133.63   25
133.6325   26
133.64000000000001   27
133.6425   28
133.6425   29
133.645   30
133.645   31
133.6475   32
133.65   33
133.65   34
133.65   35
133.655   36
133.6575   37
133.6575   38
133.65999999999997   39
133.65999999999997   40
133.66249999999997   41
133.66249999999997   42
133.665   43
133.665   44
133.665   45
133.6675   46
133.6675   47
133.67000000000002   48
133.6725   49
133.6875   50
133.69   51
133.69249999999997   52
133.695   53
133.6975   54
133.70249999999996   55
133.70249999999996   56
133.705   57
133.705   58
133.705   59
133.7125   60
133.71499999999997   61
133.72   62
133.725   63
133.725   64
133.73   65
133.73   66
133.73249999999996   67
133.73249999999996   68
133.735   69
133.7375   70
133.7375   71
133.7375   72
133.745   73
133.7525   74
133.75499999999997   75
133.75499999999997   76
133.75749999999996   77
133.76500000000001   78
133.7675   79
133.77   80
133.77249999999998   81
133.78249999999997   82
133.785   83
133.7875   84
133.7975   85
133.81249999999997   86
133.815   87
133.815   88
133.81999999999996   89
133.825   90
133.825   91
133.8275   92
133.83   93
133.83   94
133.84   95
133.84249999999997   96
133.845   97
133.855   98
133.89   99
133.89999999999998   100
133.925   101
133.93   102
133.93249999999998   103
133.965   104
133.97   105
133.98249999999996   106
133.985   107
133.9875   108
133.9875   109
133.99   110
134   111
134.0025   112
134.01   113
134.01500000000001   114
134.0175   115
134.0225   116
134.025   117
134.0425   118
134.0425   119
134.0475   120
134.05249999999998   121
134.06   122
134.06   123
134.0625   124
134.06749999999997   125
134.07   126
134.0725   127
134.07749999999996   128
134.08249999999998   129
134.0975   130
134.09999999999997   131
134.1125   132
134.1125   133
134.12249999999997   134
134.13750000000002   135
134.14749999999998   136
134.17   137
134.215   138
134.225   139
134.23   140
134.25249999999997   141
134.25249999999997   142
134.26   143
134.2625   144
134.2625   145
134.26500000000001   146
134.26500000000001   147
134.2675   148
134.2725   149
134.27749999999997   150
134.27749999999997   151
134.2825   152
134.285   153
134.2875   154
134.28999999999996   155
134.28999999999996   156
134.28999999999996   157
134.29749999999999   158
134.3025   159
134.3025   160
134.305   161
134.30749999999998   162
134.31   163
134.31   164
134.31   165
134.3125   166
134.3125   167
134.3125   168
134.31499999999997   169
134.31499999999997   170
134.31749999999997   171
134.31749999999997   172
134.32   173
134.3225   174
134.325   175
134.325   176
134.325   177
134.3275   178
134.3275   179
134.3325   180
134.34   181
134.3425   182
134.345   183
134.345   184
134.34749999999997   185
134.35   186
134.35   187
134.35   188
134.35499999999996   189
134.35749999999996   190
134.36   191
134.36   192
134.365   193
134.3675   194
134.37249999999997   195
134.375   196
134.375   197
134.375   198
134.3775   199
134.38   200
134.38   201
134.385   202
134.385   203
134.385   204
134.39000000000001   205
134.39000000000001   206
134.39000000000001   207
134.39499999999998   208
134.39749999999998   209
134.39749999999998   210
134.4   211
134.4   212
134.4   213
134.4   214
134.40249999999997   215
134.40249999999997   216
134.40249999999997   217
134.40249999999997   218
134.405   219
134.405   220
134.405   221
134.4075   222
134.41249999999997   223
134.4175   224
134.4175   225
134.4175   226
134.42000000000002   227
134.42000000000002   228
134.4225   229
134.43   230
134.43   231
134.4325   232
134.445   233
134.4475   234
134.44999999999996   235
134.455   236
134.455   237
134.4575   238
134.46749999999997   239
134.47   240
134.4725   241
134.47749999999996   242
134.47749999999996   243
134.4875   244
134.49249999999998   245
134.50749999999996   246
134.525   247
134.54500000000002   248
134.5625   249
134.5825   250
134.58749999999998   251
134.59   252
134.59   253
134.59499999999997   254
134.59749999999997   255
134.60999999999999   256
134.61749999999998   257
134.6225   258
134.6325   259
134.6325   260
134.63499999999996   261
134.63499999999996   262
134.63499999999996   263
134.63749999999996   264
134.645   265
134.65249999999997   266
134.65249999999997   267
134.65749999999997   268
134.65749999999997   269
134.665   270
134.66749999999996   271
134.67000000000002   272
134.68249999999998   273
134.6875   274
134.69249999999997   275
134.7   276
134.7   277
134.70250000000001   278
134.70499999999998   279
134.70499999999998   280
134.70749999999998   281
134.71499999999997   282
134.72   283
134.725   284
134.7275   285
134.72999999999996   286
134.72999999999996   287
134.72999999999996   288
134.73249999999996   289
134.735   290
134.74   291
134.7425   292
134.75499999999997   293
134.7625   294
134.76500000000001   295
134.7675   296
134.77249999999998   297
134.77249999999998   298
134.775   299
134.7775   300
134.7775   301
134.7775   302
134.78   303
134.785   304
134.78749999999997   305
134.79250000000002   306
134.79500000000002   307
134.7975   308
134.805   309
134.8075   310
134.815   311
134.8175   312
134.82   313
134.82   314
134.825   315
134.84249999999997   316
134.84999999999997   317
134.85249999999996   318
134.8625   319
134.87   320
134.8725   321
134.875   322
134.88   323
134.88   324
134.8875   325
134.89   326
134.89   327
134.8925   328
134.89749999999998   329
134.89749999999998   330
134.9   331
134.9   332
134.9025   333
134.90499999999997   334
134.90749999999997   335
134.90749999999997   336
134.9125   337
134.9125   338
134.91499999999996   339
134.92000000000002   340
134.92000000000002   341
134.92000000000002   342
134.92249999999999   343
134.92249999999999   344
134.9275   345
134.9275   346
134.92999999999998   347
134.92999999999998   348
134.935   349
134.93749999999997   350
134.93749999999997   351
134.93749999999997   352
134.94   353
134.94   354
134.94   355
134.94   356
134.94499999999996   357
134.94499999999996   358
134.94749999999996   359
134.95   360
134.95   361
134.95   362
134.95250000000001   363
134.95250000000001   364
134.955   365
134.9575   366
134.9575   367
134.96   368
134.96   369
134.96249999999998   370
134.96249999999998   371
134.965   372
134.9675   373
134.96999999999997   374
134.96999999999997   375
134.96999999999997   376
134.97249999999997   377
134.97249999999997   378
134.97249999999997   379
134.97249999999997   380
134.975   381
134.97749999999996   382
134.97749999999996   383
134.98   384
134.98250000000002   385
134.98250000000002   386
134.98499999999999   387
134.98749999999998   388
134.98749999999998   389
134.98749999999998   390
134.99   391
134.99   392
134.995   393
134.9975   394
135   395
135   396
135   397
135.01249999999996   398
135.02   399
135.02   400
135.0225   401
135.0225   402
135.0225   403
135.02499999999998   404
135.02749999999997   405
135.02749999999997   406
135.03   407
135.0325   408
135.0325   409
135.0325   410
135.035   411
135.035   412
135.0375   413
135.0375   414
135.04249999999996   415
135.04249999999996   416
135.04249999999996   417
135.04500000000002   418
135.04500000000002   419
135.04500000000002   420
135.0475   421
135.0475   422
135.0475   423
135.04999999999998   424
135.04999999999998   425
135.04999999999998   426
135.04999999999998   427
135.05249999999998   428
135.05249999999998   429
135.05249999999998   430
135.055   431
135.055   432
135.055   433
135.0575   434
135.06   435
135.06   436
135.06   437
135.06   438
135.0625   439
135.0625   440
135.0625   441
135.0625   442
135.0625   443
135.0625   444
135.06499999999997   445
135.06749999999997   446
135.06749999999997   447
135.07   448
135.075   449
135.08   450
135.08   451
135.0825   452
135.0825   453
135.0825   454
135.0825   455
135.085   456
135.0875   457
135.08999999999997   458
135.09249999999997   459
135.095   460
135.095   461
135.1   462
135.10499999999996   463
135.11249999999998   464
135.11249999999998   465
135.11249999999998   466
135.11249999999998   467
135.11249999999998   468
135.115   469
135.115   470
135.1175   471
135.1175   472
135.12249999999997   473
135.12249999999997   474
135.125   475
135.1275   476
135.13249999999996   477
135.13249999999996   478
135.13249999999996   479
135.13249999999996   480
135.1375   481
135.14000000000001   482
135.1425   483
135.14499999999998   484
135.14499999999998   485
135.15   486
135.15   487
135.1525   488
135.155   489
135.155   490
135.1575   491
135.16   492
135.16249999999997   493
135.1675   494
135.17   495
135.17   496
135.175   497
135.1825   498
135.19   499
135.19   500
135.1925   501
135.20249999999996   502
135.205   503
135.205   504
135.2075   505
135.21749999999997   506
135.22499999999997   507
135.23   508
135.2325   509
135.2325   510
135.2325   511
135.2375   512
135.2375   513
135.24   514
135.24   515
135.24249999999998   516
135.245   517
135.245   518
135.24999999999997   519
135.255   520
135.255   521
135.26250000000002   522
135.26250000000002   523
135.26250000000002   524
135.26250000000002   525
135.265   526
135.27   527
135.2775   528
135.28249999999997   529
135.28249999999997   530
135.2875   531
135.28999999999996   532
135.28999999999996   533
135.3   534
135.3025   535
135.30499999999998   536
135.3125   537
135.315   538
135.32   539
135.32   540
135.32   541
135.32   542
135.32249999999996   543
135.33249999999998   544
135.3375   545
135.3375   546
135.34499999999997   547
135.34499999999997   548
135.34499999999997   549
135.34749999999997   550
135.35   551
135.355   552
135.3575   553
135.3575   554
135.3575   555
135.36   556
135.36   557
135.3625   558
135.3625   559
135.365   560
135.3675   561
135.3675   562
135.3675   563
135.36999999999998   564
135.37249999999997   565
135.37249999999997   566
135.375   567
135.39000000000001   568
135.3975   569
135.4   570
135.4   571
135.40249999999997   572
135.405   573
135.4075   574
135.4075   575
135.41249999999997   576
135.41249999999997   577
135.41249999999997   578
135.415   579
135.415   580
135.4225   581
135.4225   582
135.4225   583
135.43249999999998   584
135.44   585
135.44249999999997   586
135.445   587
135.4475   588
135.4475   589
135.44999999999996   590
135.45249999999996   591
135.45249999999996   592
135.455   593
135.45749999999998   594
135.46   595
135.4625   596
135.4625   597
135.46749999999997   598
135.46749999999997   599
135.47   600
135.47249999999997   601
135.475   602
135.48   603
135.48249999999996   604
135.48249999999996   605
135.495   606
135.49749999999997   607
135.50499999999997   608
135.50499999999997   609
135.51   610
135.51   611
135.51500000000001   612
135.51500000000001   613
135.51999999999998   614
135.525   615
135.5275   616
135.53249999999997   617
135.53749999999997   618
135.54250000000002   619
135.54749999999999   620
135.55   621
135.55   622
135.55   623
135.5525   624
135.5525   625
135.5525   626
135.5575   627
135.56999999999996   628
135.57249999999996   629
135.575   630
135.575   631
135.575   632
135.58   633
135.58   634
135.58   635
135.5825   636
135.58499999999998   637
135.58499999999998   638
135.58749999999998   639
135.59   640
135.5925   641
135.595   642
135.5975   643
135.5975   644
135.5975   645
135.605   646
135.605   647
135.60750000000002   648
135.60750000000002   649
135.60750000000002   650
135.60750000000002   651
135.61   652
135.615   653
135.615   654
135.61749999999998   655
135.61749999999998   656
135.62   657
135.62   658
135.62   659
135.6225   660
135.62499999999997   661
135.62499999999997   662
135.62499999999997   663
135.62499999999997   664
135.62749999999997   665
135.62749999999997   666
135.6325   667
135.6325   668
135.635   669
135.635   670
135.6375   671
135.6375   672
135.6375   673
135.6375   674
135.6375   675
135.64   676
135.6425   677
135.6475   678
135.65   679
135.65   680
135.65   681
135.6525   682
135.6525   683
135.6525   684
135.655   685
135.655   686
135.655   687
135.65749999999997   688
135.66   689
135.66   690
135.66   691
135.66   692
135.6625   693
135.6625   694
135.6625   695
135.66499999999996   696
135.66499999999996   697
135.66749999999996   698
135.66749999999996   699
135.66749999999996   700
135.67000000000002   701
135.67249999999999   702
135.67249999999999   703
135.67249999999999   704
135.675   705
135.675   706
135.675   707
135.675   708
135.6775   709
135.67999999999998   710
135.67999999999998   711
135.67999999999998   712
135.68249999999998   713
135.68249999999998   714
135.68249999999998   715
135.68249999999998   716
135.685   717
135.685   718
135.6875   719
135.69   720
135.69   721
135.69   722
135.69   723
135.6925   724
135.6925   725
135.6925   726
135.695   727
135.695   728
135.69749999999996   729
135.7   730
135.7   731
135.7025   732
135.7025   733
135.7025   734
135.70499999999998   735
135.70499999999998   736
135.70499999999998   737
135.70499999999998   738
135.7075   739
135.7075   740
135.71   741
135.71249999999998   742
135.71249999999998   743
135.715   744
135.715   745
135.7175   746
135.7175   747
135.7175   748
135.7175   749
135.72249999999997   750
135.72249999999997   751
135.72249999999997   752
135.72249999999997   753
135.72249999999997   754
135.725   755
135.725   756
135.7275   757
135.72999999999996   758
135.72999999999996   759
135.72999999999996   760
135.72999999999996   761
135.72999999999996   762
135.73249999999996   763
135.73249999999996   764
135.73249999999996   765
135.735   766
135.735   767
135.73749999999998   768
135.7425   769
135.7425   770
135.7425   771
135.74499999999998   772
135.74749999999997   773
135.74749999999997   774
135.75   775
135.75   776
135.75249999999997   777
135.75249999999997   778
135.755   779
135.755   780
135.755   781
135.7575   782
135.75999999999996   783
135.76249999999996   784
135.76249999999996   785
135.76500000000001   786
135.7675   787
135.7675   788
135.7675   789
135.77   790
135.77   791
135.7725   792
135.7725   793
135.77749999999997   794
135.78   795
135.7825   796
135.78499999999997   797
135.78499999999997   798
135.78499999999997   799
135.78749999999997   800
135.7925   801
135.7925   802
135.79500000000002   803
135.79500000000002   804
135.79500000000002   805
135.7975   806
135.7975   807
135.79999999999998   808
135.80249999999998   809
135.80249999999998   810
135.80249999999998   811
135.80249999999998   812
135.80249999999998   813
135.805   814
135.8075   815
135.8075   816
135.815   817
135.82   818
135.82   819
135.8225   820
135.8225   821
135.8225   822
135.82499999999996   823
135.82499999999996   824
135.83   825
135.83   826
135.83   827
135.8325   828
135.83999999999997   829
135.8475   830
135.85   831
135.85   832
135.8525   833
135.855   834
135.85749999999996   835
135.85749999999996   836
135.8625   837
135.86499999999998   838
135.86499999999998   839
135.86499999999998   840
135.86499999999998   841
135.86499999999998   842
135.86749999999998   843
135.8775   844
135.87999999999997   845
135.87999999999997   846
135.8875   847
135.89000000000001   848
135.8925   849
135.895   850
135.895   851
135.895   852
135.89749999999998   853
135.89749999999998   854
135.9025   855
135.9025   856
135.90749999999997   857
135.92   858
135.92749999999998   859
135.92749999999998   860
135.93   861
135.9325   862
135.9325   863
135.935   864
135.935   865
135.93749999999997   866
135.94   867
135.94   868
135.94   869
135.9425   870
135.9425   871
135.94749999999996   872
135.95   873
135.95   874
135.95   875
135.9525   876
135.965   877
135.965   878
135.96749999999997   879
135.96749999999997   880
135.97   881
135.9725   882
135.9725   883
135.975   884
135.975   885
135.98   886
135.9875   887
135.9875   888
135.99   889
135.99   890
135.99249999999998   891
135.9975   892
135.9975   893
136.005   894
136.0075   895
136.01749999999998   896
136.01749999999998   897
136.01749999999998   898
136.01749999999998   899
136.01749999999998   900
136.0225   901
136.0225   902
136.02749999999997   903
136.03249999999997   904
136.03249999999997   905
136.035   906
136.035   907
136.0375   908
136.03999999999996   909
136.03999999999996   910
136.04500000000002   911
136.04500000000002   912
136.0475   913
136.055   914
136.055   915
136.06749999999997   916
136.07   917
136.07249999999996   918
136.075   919
136.075   920
136.075   921
136.07999999999998   922
136.07999999999998   923
136.085   924
136.085   925
136.085   926
136.0875   927
136.0875   928
136.09   929
136.09   930
136.0925   931
136.0925   932
136.0925   933
136.095   934
136.095   935
136.095   936
136.09749999999997   937
136.09749999999997   938
136.09749999999997   939
136.1   940
136.1   941
136.10499999999996   942
136.10499999999996   943
136.1125   944
136.1125   945
136.115   946
136.115   947
136.1175   948
136.1175   949
136.11999999999998   950
136.12249999999997   951
136.1275   952
136.1325   953
136.13749999999996   954
136.14749999999998   955
136.14749999999998   956
136.1525   957
136.1525   958
136.1525   959
136.155   960
136.155   961
136.1575   962
136.15999999999997   963
136.16249999999997   964
136.16249999999997   965
136.165   966
136.165   967
136.165   968
136.165   969
136.165   970
136.1675   971
136.17000000000002   972
136.1725   973
136.1725   974
136.17499999999998   975
136.17499999999998   976
136.18   977
136.18499999999997   978
136.18499999999997   979
136.18749999999997   980
136.18749999999997   981
136.19   982
136.19   983
136.195   984
136.20249999999996   985
136.20249999999996   986
136.205   987
136.2125   988
136.21749999999997   989
136.2225   990
136.22499999999997   991
136.22749999999996   992
136.22749999999996   993
136.23   994
136.235   995
136.2375   996
136.24249999999998   997
136.245   998
136.245   999
136.24749999999997   1000
136.24749999999997   1001
136.2525   1002
136.255   1003
136.25749999999996   1004
136.26   1005
136.26   1006
136.2675   1007
136.2675   1008
136.27   1009
136.27   1010
136.27249999999998   1011
136.27249999999998   1012
136.275   1013
136.2775   1014
136.2775   1015
136.2775   1016
136.2775   1017
136.27999999999997   1018
136.27999999999997   1019
136.28249999999997   1020
136.28749999999997   1021
136.29   1022
136.29250000000002   1023
136.29250000000002   1024
136.295   1025
136.295   1026
136.295   1027
136.3   1028
136.3025   1029
136.3025   1030
136.3025   1031
136.3025   1032
136.3025   1033
136.305   1034
136.3075   1035
136.3075   1036
136.3075   1037
136.31   1038
136.31   1039
136.31249999999997   1040
136.31249999999997   1041
136.3175   1042
136.3175   1043
136.3175   1044
136.3175   1045
136.31999999999996   1046
136.31999999999996   1047
136.31999999999996   1048
136.31999999999996   1049
136.31999999999996   1050
136.31999999999996   1051
136.31999999999996   1052
136.31999999999996   1053
136.325   1054
136.325   1055
136.3275   1056
136.33   1057
136.33   1058
136.3325   1059
136.3325   1060
136.3325   1061
136.3325   1062
136.33749999999998   1063
136.33749999999998   1064
136.33749999999998   1065
136.34   1066
136.34   1067
136.3425   1068
136.3425   1069
136.3425   1070
136.34499999999997   1071
136.34749999999997   1072
136.35   1073
136.35249999999996   1074
136.35249999999996   1075
136.35249999999996   1076
136.35249999999996   1077
136.355   1078
136.355   1079
136.35999999999999   1080
136.35999999999999   1081
136.36249999999998   1082
136.36249999999998   1083
136.3675   1084
136.3675   1085
136.3675   1086
136.3675   1087
136.3675   1088
136.37   1089
136.3725   1090
136.3725   1091
136.3725   1092
136.37499999999997   1093
136.37499999999997   1094
136.37499999999997   1095
136.37499999999997   1096
136.37499999999997   1097
136.37499999999997   1098
136.37499999999997   1099
136.37749999999997   1100
136.37749999999997   1101
136.37749999999997   1102
136.3825   1103
136.3825   1104
136.3825   1105
136.3825   1106
136.38499999999996   1107
136.38499999999996   1108
136.38749999999996   1109
136.38749999999996   1110
136.38749999999996   1111
136.39000000000001   1112
136.39000000000001   1113
136.39000000000001   1114
136.39000000000001   1115
136.39000000000001   1116
136.3925   1117
136.39999999999998   1118
136.40249999999997   1119
136.40249999999997   1120
136.40249999999997   1121
136.405   1122
136.405   1123
136.4075   1124
136.41   1125
136.41   1126
136.41   1127
136.4125   1128
136.4125   1129
136.4125   1130
136.415   1131
136.41749999999996   1132
136.41749999999996   1133
136.41749999999996   1134
136.41749999999996   1135
136.42000000000002   1136
136.42000000000002   1137
136.42000000000002   1138
136.42000000000002   1139
136.42000000000002   1140
136.4225   1141
136.4225   1142
136.425   1143
136.43   1144
136.43   1145
136.43   1146
136.43249999999998   1147
136.43249999999998   1148
136.43249999999998   1149
136.435   1150
136.4375   1151
136.4375   1152
136.43999999999997   1153
136.43999999999997   1154
136.43999999999997   1155
136.44249999999997   1156
136.44249999999997   1157
136.44249999999997   1158
136.44249999999997   1159
136.44249999999997   1160
136.445   1161
136.445   1162
136.445   1163
136.4475   1164
136.45   1165
136.45   1166
136.45   1167
136.45   1168
136.45499999999998   1169
136.45499999999998   1170
136.45499999999998   1171
136.45499999999998   1172
136.46   1173
136.46   1174
136.46   1175
136.46   1176
136.46   1177
136.46   1178
136.465   1179
136.465   1180
136.465   1181
136.465   1182
136.465   1183
136.465   1184
136.465   1185
136.465   1186
136.47   1187
136.47   1188
136.47   1189
136.475   1190
136.475   1191
136.475   1192
136.47999999999996   1193
136.47999999999996   1194
136.47999999999996   1195
136.47999999999996   1196
136.485   1197
136.485   1198
136.485   1199
136.485   1200
136.49   1201
136.49   1202
136.49   1203
136.49   1204
136.49   1205
136.49   1206
136.49499999999998   1207
136.49499999999998   1208
136.49499999999998   1209
136.5   1210
136.5   1211
136.5   1212
136.5   1213
136.5   1214
136.5   1215
136.5   1216
136.5   1217
136.505   1218
136.505   1219
136.51   1220
136.51   1221
136.51   1222
136.51999999999998   1223
136.51999999999998   1224
136.51999999999998   1225
136.525   1226
136.525   1227
136.525   1228
136.53   1229
136.53499999999997   1230
136.54   1231
136.54   1232
136.54   1233
136.54500000000002   1234
136.54500000000002   1235
136.55   1236
136.55   1237
136.555   1238
136.555   1239
136.55999999999997   1240
136.55999999999997   1241
136.55999999999997   1242
136.565   1243
136.565   1244
136.565   1245
136.565   1246
136.57   1247
136.575   1248
136.575   1249
136.575   1250
136.58   1251
136.585   1252
136.585   1253
136.585   1254
136.585   1255
136.595   1256
136.595   1257
136.595   1258
136.595   1259
136.595   1260
136.59999999999997   1261
136.59999999999997   1262
136.59999999999997   1263
136.59999999999997   1264
136.59999999999997   1265
136.605   1266
136.61   1267
136.61   1268
136.61   1269
136.61499999999998   1270
136.61499999999998   1271
136.62   1272
136.62   1273
136.62   1274
136.625   1275
136.625   1276
136.625   1277
136.63   1278
136.635   1279
136.635   1280
136.635   1281
136.64   1282
136.64   1283
136.64   1284
136.64   1285
136.645   1286
136.65   1287
136.65   1288
136.65   1289
136.65   1290
136.65499999999997   1291
136.65499999999997   1292
136.65499999999997   1293
136.66   1294
136.66   1295
136.665   1296
136.665   1297
136.67000000000002   1298
136.675   1299
136.67999999999998   1300
136.67999999999998   1301
136.685   1302
136.69   1303
136.69   1304
136.69499999999996   1305
136.69499999999996   1306
136.71   1307
136.71   1308
136.715   1309
136.715   1310
136.715   1311
136.71999999999997   1312
136.71999999999997   1313
136.73   1314
136.73   1315
136.73499999999999   1316
136.73499999999999   1317
136.73499999999999   1318
136.75   1319
136.75   1320
136.755   1321
136.755   1322
136.755   1323
136.75999999999996   1324
136.75999999999996   1325
136.75999999999996   1326
136.76500000000001   1327
136.76500000000001   1328
136.77   1329
136.77499999999998   1330
136.77499999999998   1331
136.78   1332
136.78   1333
136.78   1334
136.785   1335
136.805   1336
136.81   1337
136.81   1338
136.81   1339
136.81   1340
136.81499999999997   1341
136.82   1342
136.82   1343
136.82   1344
136.82500000000002   1345
136.83   1346
136.835   1347
136.835   1348
136.835   1349
136.845   1350
136.845   1351
136.85   1352
136.85   1353
136.85   1354
136.85499999999996   1355
136.85499999999996   1356
136.85499999999996   1357
136.86   1358
136.86   1359
136.86   1360
136.86   1361
136.865   1362
136.865   1363
136.865   1364
136.87   1365
136.87   1366
136.87   1367
136.875   1368
136.875   1369
136.875   1370
136.885   1371
136.885   1372
136.89499999999998   1373
136.89499999999998   1374
136.89499999999998   1375
136.9   1376
136.905   1377
136.905   1378
136.91   1379
136.915   1380
136.915   1381
136.915   1382
136.915   1383
136.915   1384
136.915   1385
136.92000000000002   1386
136.925   1387
136.925   1388
136.93   1389
136.93   1390
136.93   1391
136.93   1392
136.93   1393
136.93499999999997   1394
136.94   1395
136.945   1396
136.945   1397
136.945   1398
136.955   1399
136.955   1400
136.95999999999998   1401
136.95999999999998   1402
136.95999999999998   1403
136.95999999999998   1404
136.95999999999998   1405
136.965   1406
136.97   1407
136.97   1408
136.97499999999997   1409
136.98   1410
136.98   1411
136.98   1412
136.98   1413
136.98   1414
136.98   1415
136.985   1416
136.985   1417
136.985   1418
136.98999999999998   1419
136.98999999999998   1420
136.99999999999997   1421
136.99999999999997   1422
137.005   1423
137.005   1424
137.01   1425
137.01   1426
137.015   1427
137.02   1428
137.02   1429
137.025   1430
137.03   1431
137.03   1432
137.03999999999996   1433
137.03999999999996   1434
137.04500000000002   1435
137.04500000000002   1436
137.05   1437
137.05499999999998   1438
137.05499999999998   1439
137.06   1440
137.065   1441
137.07   1442
137.07   1443
137.07   1444
137.07500000000002   1445
137.08   1446
137.085   1447
137.085   1448
137.09   1449
137.09   1450
137.09   1451
137.09499999999997   1452
137.09499999999997   1453
137.09499999999997   1454
137.1   1455
137.1   1456
137.1   1457
137.105   1458
137.10999999999999   1459
137.10999999999999   1460
137.115   1461
137.12   1462
137.125   1463
137.13   1464
137.13   1465
137.14000000000001   1466
137.14000000000001   1467
137.14999999999998   1468
137.14999999999998   1469
137.14999999999998   1470
137.14999999999998   1471
137.155   1472
137.155   1473
137.155   1474
137.155   1475
137.15999999999997   1476
137.165   1477
137.165   1478
137.17000000000002   1479
137.17000000000002   1480
137.17499999999998   1481
137.185   1482
137.185   1483
137.18999999999997   1484
137.20000000000002   1485
137.20000000000002   1486
137.20000000000002   1487
137.20000000000002   1488
137.205   1489
137.205   1490
137.21   1491
137.21   1492
137.21   1493
137.21   1494
137.22   1495
137.22   1496
137.22   1497
137.225   1498
137.225   1499
137.23   1500
137.235   1501
137.245   1502
137.245   1503
137.25   1504
137.25   1505
137.25499999999997   1506
137.26500000000001   1507
137.26500000000001   1508
137.275   1509
137.28   1510
137.28   1511
137.285   1512
137.295   1513
137.295   1514
137.295   1515
137.3   1516
137.305   1517
137.305   1518
137.30999999999997   1519
137.30999999999997   1520
137.33   1521
137.33   1522
137.33499999999998   1523
137.34   1524
137.345   1525
137.345   1526
137.345   1527
137.345   1528
137.345   1529
137.34999999999997   1530
137.34999999999997   1531
137.355   1532
137.355   1533
137.355   1534
137.36   1535
137.36   1536
137.36   1537
137.36   1538
137.365   1539
137.365   1540
137.37   1541
137.37   1542
137.37499999999997   1543
137.37499999999997   1544
137.37499999999997   1545
137.38   1546
137.385   1547
137.4   1548
137.4   1549
137.42000000000002   1550
137.42999999999998   1551
137.435   1552
137.44   1553
137.445   1554
137.45000000000002   1555
137.46   1556
137.46   1557
137.46   1558
137.475   1559
137.475   1560
137.485   1561
137.485   1562
137.49   1563
137.49   1564
137.49499999999998   1565
137.5   1566
137.5   1567
137.5   1568
137.505   1569
137.505   1570
137.50999999999996   1571
137.51500000000001   1572
137.51500000000001   1573
137.52   1574
137.52   1575
137.525   1576
137.53   1577
137.53   1578
137.53499999999997   1579
137.53499999999997   1580
137.53499999999997   1581
137.54   1582
137.54500000000002   1583
137.54500000000002   1584
137.54999999999998   1585
137.54999999999998   1586
137.54999999999998   1587
137.54999999999998   1588
137.555   1589
137.56   1590
137.565   1591
137.565   1592
137.565   1593
137.565   1594
137.565   1595
137.575   1596
137.575   1597
137.575   1598
137.58   1599
137.58   1600
137.58   1601
137.58   1602
137.58   1603
137.595   1604
137.595   1605
137.6   1606
137.6   1607
137.605   1608
137.605   1609
137.61499999999998   1610
137.625   1611
137.62999999999997   1612
137.62999999999997   1613
137.635   1614
137.635   1615
137.64000000000001   1616
137.64000000000001   1617
137.645   1618
137.645   1619
137.65   1620
137.65499999999997   1621
137.65499999999997   1622
137.66   1623
137.66   1624
137.66   1625
137.665   1626
137.665   1627
137.67   1628
137.675   1629
137.675   1630
137.675   1631
137.675   1632
137.675   1633
137.68   1634
137.685   1635
137.69   1636
137.69499999999996   1637
137.70000000000002   1638
137.70000000000002   1639
137.705   1640
137.70999999999998   1641
137.70999999999998   1642
137.715   1643
137.73   1644
137.73   1645
137.73   1646
137.73   1647
137.735   1648
137.735   1649
137.74   1650
137.745   1651
137.74999999999997   1652
137.74999999999997   1653
137.74999999999997   1654
137.74999999999997   1655
137.755   1656
137.755   1657
137.755   1658
137.76   1659
137.765   1660
137.765   1661
137.77   1662
137.77   1663
137.77499999999998   1664
137.78   1665
137.78   1666
137.785   1667
137.79500000000002   1668
137.8   1669
137.81   1670
137.81499999999997   1671
137.82   1672
137.82   1673
137.82500000000002   1674
137.82500000000002   1675
137.82500000000002   1676
137.82500000000002   1677
137.82500000000002   1678
137.82500000000002   1679
137.835   1680
137.84   1681
137.85   1682
137.85499999999996   1683
137.86   1684
137.88   1685
137.89000000000001   1686
137.895   1687
137.9   1688
137.905   1689
137.92499999999998   1690
137.93   1691
137.935   1692
137.94   1693
137.945   1694
137.95   1695
137.955   1696
137.955   1697
137.96   1698
137.96   1699
137.96   1700
137.96499999999997   1701
137.985   1702
137.985   1703
137.985   1704
137.995   1705
138.00499999999997   1706
138.00499999999997   1707
138.01   1708
138.01500000000001   1709
138.02   1710
138.02   1711
138.025   1712
138.02999999999997   1713
138.02999999999997   1714
138.035   1715
138.045   1716
138.06   1717
138.06   1718
138.06   1719
138.06999999999996   1720
138.06999999999996   1721
138.07500000000002   1722
138.095   1723
138.105   1724
138.105   1725
138.10999999999999   1726
138.115   1727
138.12499999999997   1728
138.16   1729
138.16   1730
138.16499999999996   1731
138.16499999999996   1732
138.175   1733
138.18   1734
138.185   1735
138.185   1736
138.20499999999998   1737
138.22   1738
138.22   1739
138.22   1740
138.22   1741
138.22999999999996   1742
138.235   1743
138.235   1744
138.235   1745
138.24   1746
138.25   1747
138.255   1748
138.255   1749
138.26999999999998   1750
138.26999999999998   1751
138.28499999999997   1752
138.28499999999997   1753
138.3   1754
138.32   1755
138.325   1756
138.34   1757
138.34   1758
138.345   1759
138.36499999999998   1760
138.37   1761
138.37   1762
138.375   1763
138.375   1764
138.375   1765
138.385   1766
138.385   1767
138.385   1768
138.39   1769
138.41   1770
138.415   1771
138.415   1772
138.425   1773
138.42999999999998   1774
138.44499999999996   1775
138.45000000000002   1776
138.455   1777
138.49   1778
138.49   1779
138.495   1780
138.5   1781
138.51500000000001   1782
138.52499999999998   1783
138.53   1784
138.56   1785
138.56499999999997   1786
138.57500000000002   1787
138.57999999999998   1788
138.60499999999996   1789
138.62999999999997   1790
138.635   1791
138.65   1792
138.65999999999997   1793
138.65999999999997   1794
138.695   1795
138.705   1796
138.71   1797
138.72   1798
138.745   1799
138.75   1800
138.75   1801
138.755   1802
138.76   1803
138.77999999999997   1804
138.8   1805
138.81999999999996   1806
138.81999999999996   1807
138.85   1808
138.855   1809
138.85999999999999   1810
138.865   1811
138.865   1812
138.87   1813
138.89000000000001   1814
138.91   1815
138.92000000000002   1816
138.93   1817
138.935   1818
138.955   1819
138.96   1820
138.97999999999996   1821
138.985   1822
139.01   1823
139.01500000000001   1824
139.025   1825
139.03   1826
139.08499999999998   1827
139.09999999999997   1828
139.09999999999997   1829
139.13   1830
139.15   1831
139.15   1832
139.17000000000002   1833
139.185   1834
139.185   1835
139.195   1836
139.215   1837
139.21999999999997   1838
139.225   1839
139.24   1840
139.32   1841
139.32500000000002   1842
139.37999999999997   1843
139.42   1844
139.47   1845
139.53999999999996   1846
139.57   1847
139.59   1848
139.605   1849
139.61999999999998   1850
139.67499999999998   1851
139.735   1852
