499.16999999999996   1
499.18499999999995   2
499.24999999999994   3
499.31499999999994   4
499.37499999999994   5
499.505   6
499.635   7
499.65   8
499.65999999999997   9
499.68999999999994   10
499.68999999999994   11
499.74499999999995   12
499.815   13
499.82499999999993   14
499.88499999999993   15
499.90500000000003   16
499.90500000000003   17
499.97499999999997   18
499.995   19
500.03000000000003   20
500.05   21
500.075   22
500.08   23
500.09   24
500.095   25
500.125   26
500.14   27
500.14   28
500.15000000000003   29
500.175   30
500.205   31
500.23   32
500.23   33
500.23999999999995   34
500.245   35
500.245   36
500.24999999999994   37
500.27   38
500.275   39
500.295   40
500.295   41
500.29999999999995   42
500.29999999999995   43
500.29999999999995   44
500.31999999999994   45
500.3299999999999   46
500.34   47
500.345   48
500.345   49
500.345   50
500.34999999999997   51
500.36   52
500.375   53
500.37999999999994   54
500.37999999999994   55
500.39500000000004   56
500.40000000000003   57
500.40000000000003   58
500.405   59
500.41   60
500.415   61
500.415   62
500.41999999999996   63
500.43499999999995   64
500.46500000000003   65
500.49499999999995   66
500.505   67
500.505   68
500.505   69
500.51499999999993   70
500.51499999999993   71
500.52   72
500.52   73
500.52500000000003   74
500.52500000000003   75
500.54   76
500.54   77
500.545   78
500.545   79
500.54999999999995   80
500.555   81
500.56499999999994   82
500.56499999999994   83
500.57   84
500.585   85
500.585   86
500.595   87
500.605   88
500.61   89
500.61   90
500.61   91
500.62   92
500.625   93
500.635   94
500.64   95
500.64500000000004   96
500.64500000000004   97
500.655   98
500.655   99
500.655   100
500.66499999999996   101
500.66499999999996   102
500.66499999999996   103
500.66499999999996   104
500.67   105
500.67   106
500.675   107
500.675   108
500.675   109
500.675   110
500.685   111
500.69   112
500.69   113
500.69499999999994   114
500.69499999999994   115
500.69499999999994   116
500.7   117
500.7   118
500.71000000000004   119
500.71000000000004   120
500.71999999999997   121
500.71999999999997   122
500.725   123
500.725   124
500.725   125
500.72999999999996   126
500.72999999999996   127
500.72999999999996   128
500.72999999999996   129
500.72999999999996   130
500.72999999999996   131
500.72999999999996   132
500.73499999999996   133
500.73499999999996   134
500.73499999999996   135
500.73499999999996   136
500.74   137
500.74   138
500.74   139
500.74   140
500.74499999999995   141
500.74499999999995   142
500.75   143
500.75   144
500.75   145
500.755   146
500.755   147
500.755   148
500.75999999999993   149
500.765   150
500.765   151
500.765   152
500.77   153
500.77   154
500.77   155
500.77500000000003   156
500.77500000000003   157
500.78499999999997   158
500.78499999999997   159
500.78499999999997   160
500.78499999999997   161
500.79   162
500.79   163
500.79   164
500.79499999999996   165
500.79499999999996   166
500.79499999999996   167
500.79999999999995   168
500.79999999999995   169
500.79999999999995   170
500.79999999999995   171
500.79999999999995   172
500.805   173
500.81499999999994   174
500.82   175
500.82   176
500.82   177
500.82   178
500.82   179
500.82   180
500.82499999999993   181
500.82499999999993   182
500.83   183
500.835   184
500.84000000000003   185
500.84000000000003   186
500.84000000000003   187
500.84000000000003   188
500.84499999999997   189
500.84499999999997   190
500.84999999999997   191
500.84999999999997   192
500.84999999999997   193
500.84999999999997   194
500.84999999999997   195
500.855   196
500.855   197
500.85999999999996   198
500.85999999999996   199
500.85999999999996   200
500.85999999999996   201
500.86499999999995   202
500.86499999999995   203
500.87   204
500.87   205
500.87   206
500.87   207
500.87   208
500.87499999999994   209
500.87999999999994   210
500.87999999999994   211
500.885   212
500.885   213
500.885   214
500.885   215
500.88999999999993   216
500.88999999999993   217
500.88999999999993   218
500.88999999999993   219
500.89500000000004   220
500.89500000000004   221
500.89500000000004   222
500.89500000000004   223
500.89500000000004   224
500.89500000000004   225
500.9   226
500.9   227
500.9   228
500.9   229
500.9   230
500.9   231
500.9   232
500.90500000000003   233
500.90500000000003   234
500.90999999999997   235
500.90999999999997   236
500.90999999999997   237
500.91499999999996   238
500.91499999999996   239
500.91499999999996   240
500.91499999999996   241
500.92   242
500.92   243
500.92   244
500.92   245
500.92   246
500.92999999999995   247
500.92999999999995   248
500.935   249
500.93999999999994   250
500.93999999999994   251
500.93999999999994   252
500.93999999999994   253
500.94499999999994   254
500.94499999999994   255
500.94499999999994   256
500.94499999999994   257
500.95   258
500.95   259
500.9549999999999   260
500.9549999999999   261
500.9549999999999   262
500.96000000000004   263
500.96000000000004   264
500.96000000000004   265
500.965   266
500.965   267
500.965   268
500.97999999999996   269
500.97999999999996   270
500.97999999999996   271
500.985   272
500.985   273
500.98999999999995   274
500.98999999999995   275
500.98999999999995   276
500.99499999999995   277
501   278
501   279
501   280
501.00999999999993   281
501.015   282
501.02000000000004   283
501.02000000000004   284
501.02000000000004   285
501.02500000000003   286
501.02500000000003   287
501.02500000000003   288
501.04   289
501.04   290
501.04   291
501.04499999999996   292
501.04499999999996   293
501.04499999999996   294
501.05   295
501.05999999999995   296
501.065   297
501.06999999999994   298
501.06999999999994   299
501.07499999999993   300
501.07499999999993   301
501.08   302
501.08   303
501.08500000000004   304
501.08500000000004   305
501.09499999999997   306
501.09499999999997   307
501.09499999999997   308
501.1   309
501.105   310
501.10999999999996   311
501.12   312
501.12   313
501.12499999999994   314
501.13   315
501.13   316
501.135   317
501.135   318
501.135   319
501.13999999999993   320
501.15   321
501.15500000000003   322
501.165   323
501.165   324
501.165   325
501.165   326
501.17   327
501.18   328
501.18   329
501.185   330
501.18999999999994   331
501.195   332
501.2   333
501.22   334
501.22999999999996   335
501.235   336
501.245   337
501.25499999999994   338
501.25499999999994   339
501.25499999999994   340
501.25499999999994   341
501.26   342
501.27000000000004   343
501.285   344
501.285   345
501.28999999999996   346
501.28999999999996   347
501.29499999999996   348
501.29499999999996   349
501.29499999999996   350
501.3   351
501.3   352
501.3   353
501.30499999999995   354
501.30999999999995   355
501.30999999999995   356
501.31999999999994   357
501.31999999999994   358
501.33   359
501.33500000000004   360
501.34   361
501.35499999999996   362
501.35499999999996   363
501.35499999999996   364
501.35999999999996   365
501.35999999999996   366
501.38   367
501.38499999999993   368
501.40000000000003   369
501.405   370
501.40999999999997   371
501.41999999999996   372
501.43   373
501.43   374
501.43499999999995   375
501.43499999999995   376
501.43999999999994   377
501.445   378
501.4549999999999   379
501.46   380
501.46   381
501.46   382
501.46   383
501.47   384
501.47499999999997   385
501.50499999999994   386
501.51499999999993   387
501.525   388
501.535   389
501.545   390
501.55499999999995   391
501.55499999999995   392
501.56999999999994   393
501.575   394
501.5799999999999   395
501.59   396
501.59   397
501.6   398
501.60499999999996   399
501.60499999999996   400
501.61999999999995   401
501.61999999999995   402
501.64   403
501.645   404
501.65000000000003   405
501.655   406
501.655   407
501.66   408
501.66   409
501.665   410
501.675   411
501.68   412
501.68   413
501.705   414
501.745   415
501.77   416
501.775   417
501.78499999999997   418
501.78499999999997   419
501.78999999999996   420
501.78999999999996   421
501.805   422
501.8299999999999   423
501.835   424
501.87999999999994   425
501.91499999999996   426
501.91499999999996   427
501.925   428
501.92999999999995   429
501.92999999999995   430
501.92999999999995   431
501.94   432
501.96000000000004   433
501.96500000000003   434
501.975   435
501.975   436
501.98499999999996   437
501.98499999999996   438
501.99   439
501.99499999999995   440
501.99499999999995   441
502.01499999999993   442
502.045   443
502.06499999999994   444
502.085   445
502.085   446
502.11499999999995   447
502.11499999999995   448
502.12999999999994   449
502.13999999999993   450
502.15500000000003   451
502.175   452
502.2   453
502.2049999999999   454
502.27500000000003   455
502.315   456
502.32499999999993   457
502.34499999999997   458
502.44499999999994   459
502.46000000000004   460
502.5   461
502.55499999999995   462
523.295   463
523.315   464
523.475   465
523.49   466
523.495   467
523.585   468
523.62   469
523.64   470
523.75   471
523.865   472
523.975   473
523.995   474
524.01   475
524.02   476
524.0299999999999   477
524.0449999999998   478
524.0899999999999   479
524.1850000000001   480
524.215   481
524.2199999999999   482
524.285   483
524.3100000000001   484
524.33   485
524.34   486
524.345   487
524.36   488
524.3649999999999   489
524.3949999999999   490
524.3949999999999   491
524.3949999999999   492
524.4300000000001   493
524.4350000000001   494
524.4549999999999   495
524.46   496
524.465   497
524.47   498
524.505   499
524.555   500
524.565   501
524.58   502
524.595   503
524.62   504
524.625   505
524.64   506
524.645   507
524.6549999999999   508
524.7149999999999   509
524.72   510
524.72   511
524.74   512
524.75   513
524.765   514
524.77   515
524.77   516
524.78   517
524.815   518
524.815   519
524.825   520
524.835   521
524.8449999999999   522
524.85   523
524.855   524
524.865   525
524.865   526
524.87   527
524.9   528
524.9   529
524.9   530
524.9049999999999   531
524.9049999999999   532
524.9300000000001   533
524.94   534
524.96   535
524.975   536
524.98   537
524.98   538
524.995   539
525   540
525.01   541
525.015   542
525.03   543
525.0349999999999   544
525.0349999999999   545
525.0499999999998   546
525.075   547
525.075   548
525.075   549
525.085   550
525.085   551
525.09   552
525.09   553
525.09   554
525.09   555
525.09   556
525.09   557
525.0949999999999   558
525.0949999999999   559
525.1   560
525.1   561
525.105   562
525.11   563
525.12   564
525.12   565
525.135   566
525.135   567
525.145   568
525.145   569
525.1499999999999   570
525.1499999999999   571
525.16   572
525.175   573
525.19   574
525.2   575
525.2   576
525.2249999999999   577
525.2249999999999   578
525.23   579
525.23   580
525.23   581
525.235   582
525.235   583
525.25   584
525.25   585
525.25   586
525.26   587
525.265   588
525.27   589
525.27   590
525.275   591
525.285   592
525.29   593
525.2949999999998   594
525.2949999999998   595
525.3   596
525.3   597
525.3050000000001   598
525.3050000000001   599
525.3050000000001   600
525.3100000000001   601
525.315   602
525.32   603
525.32   604
525.32   605
525.32   606
525.33   607
525.33   608
525.33   609
525.33   610
525.335   611
525.335   612
525.335   613
525.345   614
525.345   615
525.345   616
525.345   617
525.35   618
525.35   619
525.3549999999999   620
525.3549999999999   621
525.3549999999999   622
525.36   623
525.365   624
525.365   625
525.365   626
525.375   627
525.375   628
525.375   629
525.375   630
525.375   631
525.375   632
525.375   633
525.38   634
525.38   635
525.38   636
525.38   637
525.38   638
525.39   639
525.39   640
525.395   641
525.395   642
525.395   643
525.3999999999999   644
525.3999999999999   645
525.3999999999999   646
525.41   647
525.41   648
525.41   649
525.41   650
525.415   651
525.42   652
525.42   653
525.42   654
525.42   655
525.425   656
525.425   657
525.43   658
525.43   659
525.43   660
525.43   661
525.43   662
525.4350000000001   663
525.4350000000001   664
525.4350000000001   665
525.44   666
525.44   667
525.445   668
525.445   669
525.45   670
525.45   671
525.45   672
525.455   673
525.455   674
525.455   675
525.455   676
525.46   677
525.465   678
525.465   679
525.465   680
525.465   681
525.465   682
525.465   683
525.47   684
525.47   685
525.47   686
525.47   687
525.475   688
525.475   689
525.475   690
525.48   691
525.48   692
525.48   693
525.48   694
525.48   695
525.4849999999999   696
525.4849999999999   697
525.4849999999999   698
525.4849999999999   699
525.49   700
525.49   701
525.49   702
525.49   703
525.49   704
525.49   705
525.49   706
525.49   707
525.495   708
525.495   709
525.495   710
525.495   711
525.4999999999999   712
525.4999999999999   713
525.4999999999999   714
525.4999999999999   715
525.51   716
525.51   717
525.51   718
525.51   719
525.51   720
525.51   721
525.5149999999999   722
525.52   723
525.525   724
525.5299999999999   725
525.5299999999999   726
525.5299999999999   727
525.5299999999999   728
525.5299999999999   729
525.5299999999999   730
525.5299999999999   731
525.535   732
525.54   733
525.54   734
525.54   735
525.54   736
525.54   737
525.5449999999998   738
525.5449999999998   739
525.55   740
525.55   741
525.55   742
525.5550000000001   743
525.5550000000001   744
525.56   745
525.56   746
525.56   747
525.565   748
525.565   749
525.565   750
525.57   751
525.57   752
525.57   753
525.5749999999999   754
525.5749999999999   755
525.5749999999999   756
525.5749999999999   757
525.58   758
525.58   759
525.58   760
525.585   761
525.585   762
525.5899999999999   763
525.5899999999999   764
525.5899999999999   765
525.595   766
525.595   767
525.595   768
525.6   769
525.6   770
525.605   771
525.605   772
525.605   773
525.605   774
525.61   775
525.615   776
525.615   777
525.615   778
525.62   779
525.625   780
525.6299999999999   781
525.635   782
525.635   783
525.64   784
525.64   785
525.64   786
525.6449999999999   787
525.65   788
525.65   789
525.65   790
525.6599999999999   791
525.6599999999999   792
525.6599999999999   793
525.665   794
525.665   795
525.6749999999998   796
525.6749999999998   797
525.6850000000001   798
525.6899999999999   799
525.6899999999999   800
525.695   801
525.7   802
525.7   803
525.7049999999999   804
525.71   805
525.71   806
525.715   807
525.715   808
525.715   809
525.715   810
525.7199999999999   811
525.725   812
525.725   813
525.73   814
525.74   815
525.74   816
525.74   817
525.74   818
525.74   819
525.745   820
525.75   821
525.76   822
525.76   823
525.765   824
525.77   825
525.77   826
525.775   827
525.775   828
525.775   829
525.775   830
525.775   831
525.78   832
525.7899999999998   833
525.7899999999998   834
525.7899999999998   835
525.795   836
525.8050000000001   837
525.8050000000001   838
525.8100000000001   839
525.8100000000001   840
525.815   841
525.83   842
525.84   843
525.8499999999999   844
525.86   845
525.86   846
525.86   847
525.87   848
525.8799999999999   849
525.8799999999999   850
525.885   851
525.885   852
525.89   853
525.89   854
525.8949999999999   855
525.8949999999999   856
525.9   857
525.9   858
525.9   859
525.905   860
525.915   861
525.915   862
525.92   863
525.92   864
525.925   865
525.925   866
525.925   867
525.925   868
525.9300000000001   869
525.9350000000001   870
525.94   871
525.94   872
525.94   873
525.95   874
525.9649999999999   875
525.985   876
525.99   877
525.99   878
525.9949999999999   879
526.0099999999999   880
526.0099999999999   881
526.0099999999999   882
526.0099999999999   883
526.02   884
526.0249999999999   885
526.0249999999999   886
526.03   887
526.035   888
526.0399999999998   889
526.0399999999998   890
526.05   891
526.0600000000001   892
526.0600000000001   893
526.075   894
526.075   895
526.0849999999999   896
526.09   897
526.095   898
526.095   899
526.11   900
526.115   901
526.13   902
526.145   903
526.16   904
526.185   905
526.19   906
526.1999999999999   907
526.21   908
526.22   909
526.225   910
526.2299999999999   911
526.235   912
526.25   913
526.27   914
526.27   915
526.27   916
526.27   917
526.28   918
526.29   919
526.295   920
526.295   921
526.3149999999999   922
526.355   923
526.3599999999999   924
526.37   925
526.3899999999999   926
526.4   927
526.405   928
526.41   929
526.41   930
526.42   931
526.425   932
526.425   933
526.445   934
526.4749999999999   935
526.48   936
526.5   937
526.5049999999999   938
526.525   939
526.54   940
526.5550000000001   941
526.57   942
526.58   943
526.605   944
526.615   945
526.615   946
526.625   947
526.6499999999999   948
526.66   949
526.66   950
526.69   951
526.76   952
526.7799999999999   953
526.8249999999999   954
526.85   955
526.8699999999999   956
526.92   957
526.945   958
526.945   959
562.495   960
562.845   961
562.9250000000001   962
563.115   963
563.215   964
563.25   965
563.3   966
563.3050000000001   967
563.36   968
563.41   969
563.4149999999998   970
563.43   971
563.505   972
563.52   973
563.6   974
563.6   975
563.61   976
563.615   977
563.6199999999999   978
563.635   979
563.6599999999999   980
563.74   981
563.79   982
563.845   983
563.87   984
563.9549999999999   985
564.0399999999998   986
564.045   987
564.0500000000001   988
564.105   989
564.145   990
564.1549999999999   991
564.25   992
564.255   993
564.3100000000001   994
564.335   995
564.335   996
564.34   997
564.34   998
564.3449999999999   999
564.365   1000
564.3749999999999   1001
564.395   1002
564.4   1003
564.4300000000001   1004
564.435   1005
564.445   1006
564.4499999999999   1007
564.4499999999999   1008
564.455   1009
564.465   1010
564.47   1011
564.48   1012
564.5049999999999   1013
564.51   1014
564.5550000000001   1015
564.6   1016
564.64   1017
564.645   1018
564.6850000000001   1019
564.6949999999999   1020
564.7   1021
564.7099999999999   1022
564.715   1023
564.715   1024
564.7249999999999   1025
564.73   1026
564.73   1027
564.745   1028
564.75   1029
564.76   1030
564.78   1031
564.8000000000001   1032
564.835   1033
564.835   1034
564.85   1035
564.895   1036
564.94   1037
564.94   1038
564.96   1039
564.965   1040
564.9849999999999   1041
564.9999999999999   1042
565.01   1043
565.02   1044
565.025   1045
565.04   1046
565.08   1047
565.0899999999999   1048
565.105   1049
565.12   1050
565.14   1051
565.155   1052
565.1599999999999   1053
565.1599999999999   1054
565.1599999999999   1055
565.165   1056
565.17   1057
565.195   1058
565.195   1059
565.2049999999999   1060
565.21   1061
565.2199999999999   1062
565.225   1063
565.24   1064
565.24   1065
565.275   1066
565.2899999999998   1067
565.3100000000001   1068
565.3100000000001   1069
565.3199999999999   1070
565.325   1071
565.34   1072
565.355   1073
565.375   1074
565.3799999999999   1075
565.385   1076
565.4   1077
565.425   1078
565.425   1079
565.4350000000001   1080
565.44   1081
565.445   1082
565.47   1083
565.475   1084
565.49   1085
565.4949999999999   1086
565.505   1087
565.515   1088
565.52   1089
565.5249999999999   1090
565.5249999999999   1091
565.53   1092
565.535   1093
565.5399999999998   1094
565.5399999999998   1095
565.545   1096
565.5600000000001   1097
565.565   1098
565.5699999999999   1099
565.5849999999999   1100
565.6   1101
565.605   1102
565.615   1103
565.62   1104
565.63   1105
565.63   1106
565.63   1107
565.63   1108
565.635   1109
565.6699999999998   1110
565.685   1111
565.685   1112
565.695   1113
565.6999999999999   1114
565.6999999999999   1115
565.7149999999999   1116
565.735   1117
565.74   1118
565.74   1119
565.74   1120
565.74   1121
565.7449999999999   1122
565.75   1123
565.755   1124
565.765   1125
565.77   1126
565.79   1127
565.79   1128
565.79   1129
565.79   1130
565.795   1131
565.8100000000001   1132
565.8100000000001   1133
565.8100000000001   1134
565.82   1135
565.825   1136
565.825   1137
565.835   1138
565.84   1139
565.84   1140
565.8449999999999   1141
565.8449999999999   1142
565.85   1143
565.85   1144
565.85   1145
565.85   1146
565.85   1147
565.8599999999999   1148
565.865   1149
565.87   1150
565.87   1151
565.87   1152
565.8749999999999   1153
565.8749999999999   1154
565.88   1155
565.895   1156
565.9   1157
565.915   1158
565.9250000000001   1159
565.9250000000001   1160
565.9300000000001   1161
565.9300000000001   1162
565.9300000000001   1163
565.9300000000001   1164
565.9350000000001   1165
565.9350000000001   1166
565.94   1167
565.94   1168
565.94   1169
565.945   1170
565.945   1171
565.945   1172
565.95   1173
565.95   1174
565.955   1175
565.955   1176
565.955   1177
565.955   1178
565.955   1179
565.97   1180
565.97   1181
565.9749999999999   1182
565.9749999999999   1183
565.98   1184
565.98   1185
565.985   1186
565.985   1187
565.985   1188
565.985   1189
565.985   1190
565.9899999999999   1191
565.9899999999999   1192
565.995   1193
565.995   1194
566   1195
566   1196
566   1197
566   1198
566   1199
566.0049999999999   1200
566.0049999999999   1201
566.0049999999999   1202
566.01   1203
566.01   1204
566.01   1205
566.015   1206
566.015   1207
566.015   1208
566.0199999999999   1209
566.0199999999999   1210
566.0199999999999   1211
566.0199999999999   1212
566.025   1213
566.025   1214
566.025   1215
566.025   1216
566.025   1217
566.025   1218
566.03   1219
566.03   1220
566.0349999999999   1221
566.0349999999999   1222
566.0349999999999   1223
566.0349999999999   1224
566.04   1225
566.045   1226
566.045   1227
566.045   1228
566.045   1229
566.05   1230
566.05   1231
566.05   1232
566.05   1233
566.0550000000001   1234
566.0550000000001   1235
566.0550000000001   1236
566.0600000000001   1237
566.0600000000001   1238
566.0600000000001   1239
566.0600000000001   1240
566.0600000000001   1241
566.0600000000001   1242
566.0649999999999   1243
566.0649999999999   1244
566.0649999999999   1245
566.07   1246
566.07   1247
566.075   1248
566.075   1249
566.075   1250
566.075   1251
566.0799999999999   1252
566.0799999999999   1253
566.085   1254
566.085   1255
566.085   1256
566.1   1257
566.1   1258
566.1   1259
566.105   1260
566.105   1261
566.105   1262
566.11   1263
566.115   1264
566.115   1265
566.115   1266
566.1199999999999   1267
566.1199999999999   1268
566.1199999999999   1269
566.1199999999999   1270
566.1199999999999   1271
566.1199999999999   1272
566.1349999999999   1273
566.1349999999999   1274
566.1349999999999   1275
566.14   1276
566.14   1277
566.14   1278
566.145   1279
566.145   1280
566.145   1281
566.145   1282
566.1499999999999   1283
566.155   1284
566.16   1285
566.16   1286
566.1649999999998   1287
566.1649999999998   1288
566.17   1289
566.17   1290
566.17   1291
566.1750000000001   1292
566.18   1293
566.1850000000001   1294
566.1850000000001   1295
566.1949999999999   1296
566.205   1297
566.2099999999999   1298
566.2099999999999   1299
566.215   1300
566.215   1301
566.215   1302
566.215   1303
566.22   1304
566.22   1305
566.22   1306
566.2249999999999   1307
566.2249999999999   1308
566.2249999999999   1309
566.23   1310
566.235   1311
566.245   1312
566.245   1313
566.245   1314
566.255   1315
566.255   1316
566.26   1317
566.26   1318
566.2649999999999   1319
566.27   1320
566.275   1321
566.275   1322
566.275   1323
566.275   1324
566.275   1325
566.2799999999999   1326
566.2799999999999   1327
566.285   1328
566.2949999999998   1329
566.2949999999998   1330
566.3000000000001   1331
566.3000000000001   1332
566.3000000000001   1333
566.31   1334
566.31   1335
566.315   1336
566.32   1337
566.3249999999999   1338
566.3249999999999   1339
566.33   1340
566.33   1341
566.3399999999999   1342
566.3399999999999   1343
566.3549999999999   1344
566.3549999999999   1345
566.36   1346
566.36   1347
566.36   1348
566.39   1349
566.4   1350
566.4   1351
566.405   1352
566.415   1353
566.415   1354
566.42   1355
566.42   1356
566.4300000000001   1357
566.4350000000001   1358
566.4350000000001   1359
566.445   1360
566.45   1361
566.45   1362
566.46   1363
566.46   1364
566.46   1365
566.465   1366
566.48   1367
566.4849999999999   1368
566.4999999999999   1369
566.4999999999999   1370
566.505   1371
566.5149999999999   1372
566.5149999999999   1373
566.5299999999999   1374
566.5299999999999   1375
566.5299999999999   1376
566.54   1377
566.5500000000001   1378
566.56   1379
566.56   1380
566.565   1381
566.57   1382
566.5749999999999   1383
566.585   1384
566.59   1385
566.605   1386
566.605   1387
566.61   1388
566.6149999999999   1389
566.6149999999999   1390
566.6299999999999   1391
566.6449999999999   1392
566.6449999999999   1393
566.6449999999999   1394
566.6899999999999   1395
566.725   1396
566.73   1397
566.73   1398
566.735   1399
566.735   1400
566.735   1401
566.74   1402
566.75   1403
566.7599999999999   1404
566.77   1405
566.7749999999999   1406
566.78   1407
566.7899999999998   1408
566.8100000000001   1409
566.8199999999999   1410
566.83   1411
566.83   1412
566.8349999999999   1413
566.86   1414
566.86   1415
566.895   1416
566.94   1417
566.945   1418
566.9649999999999   1419
566.9649999999999   1420
567.005   1421
567.045   1422
567.115   1423
567.16   1424
567.1800000000001   1425
567.1800000000001   1426
567.1800000000001   1427
567.21   1428
567.2849999999999   1429
567.32   1430
567.3299999999999   1431
567.365   1432
567.37   1433
597.6850000000001   1434
597.875   1435
597.96   1436
597.9949999999999   1437
598.02   1438
598.08   1439
598.115   1440
598.1750000000001   1441
598.185   1442
598.28   1443
598.29   1444
598.32   1445
598.6   1446
598.6   1447
598.625   1448
598.6499999999999   1449
598.745   1450
598.86   1451
598.875   1452
598.9   1453
598.915   1454
598.995   1455
599.11   1456
599.15   1457
599.215   1458
599.23   1459
599.28   1460
599.355   1461
599.37   1462
599.375   1463
599.375   1464
599.385   1465
599.39   1466
599.4049999999999   1467
599.4300000000001   1468
599.485   1469
599.515   1470
599.53   1471
599.535   1472
599.575   1473
599.59   1474
599.5949999999999   1475
599.6099999999999   1476
599.62   1477
599.63   1478
599.66   1479
599.685   1480
599.725   1481
599.735   1482
599.775   1483
599.8299999999999   1484
599.85   1485
599.865   1486
599.885   1487
600.0049999999999   1488
600.035   1489
600.0449999999998   1490
600.07   1491
600.0749999999999   1492
600.1750000000001   1493
600.205   1494
600.21   1495
600.23   1496
600.23   1497
600.23   1498
600.2499999999999   1499
600.275   1500
600.29   1501
600.3000000000001   1502
600.33   1503
600.405   1504
600.4350000000001   1505
600.445   1506
600.465   1507
600.4699999999999   1508
600.475   1509
600.4849999999999   1510
600.53   1511
600.53   1512
600.535   1513
600.575   1514
600.575   1515
600.59   1516
600.595   1517
600.5999999999999   1518
600.5999999999999   1519
600.605   1520
600.6149999999999   1521
600.64   1522
600.655   1523
600.655   1524
600.6599999999999   1525
600.6850000000001   1526
600.725   1527
600.7299999999999   1528
600.755   1529
600.8000000000001   1530
600.805   1531
600.8100000000001   1532
600.83   1533
600.8749999999999   1534
600.88   1535
600.895   1536
600.955   1537
600.96   1538
600.96   1539
600.97   1540
600.99   1541
601.015   1542
601.025   1543
601.0600000000001   1544
601.12   1545
601.1249999999999   1546
601.165   1547
601.195   1548
601.2   1549
601.245   1550
601.26   1551
601.26   1552
601.2699999999999   1553
601.2849999999999   1554
601.3   1555
601.335   1556
601.345   1557
601.345   1558
601.345   1559
601.35   1560
601.375   1561
601.375   1562
601.38   1563
601.3849999999999   1564
601.3849999999999   1565
601.3849999999999   1566
601.39   1567
601.39   1568
601.39   1569
601.405   1570
601.4149999999998   1571
601.4149999999998   1572
601.455   1573
601.4599999999999   1574
601.5   1575
601.505   1576
601.52   1577
601.535   1578
601.54   1579
601.5500000000001   1580
601.56   1581
601.565   1582
601.57   1583
601.5749999999999   1584
601.5899999999999   1585
601.595   1586
601.6049999999999   1587
601.6199999999999   1588
601.63   1589
601.6349999999999   1590
601.6499999999999   1591
601.66   1592
601.665   1593
601.6750000000001   1594
601.695   1595
601.695   1596
601.695   1597
601.71   1598
601.71   1599
601.715   1600
601.715   1601
601.7199999999999   1602
601.73   1603
601.7349999999999   1604
601.7349999999999   1605
601.755   1606
601.76   1607
601.76   1608
601.7649999999999   1609
601.7649999999999   1610
601.77   1611
601.775   1612
601.775   1613
601.785   1614
601.8050000000001   1615
601.815   1616
601.82   1617
601.82   1618
601.8249999999999   1619
601.83   1620
601.84   1621
601.84   1622
601.845   1623
601.85   1624
601.855   1625
601.855   1626
601.8649999999999   1627
601.8649999999999   1628
601.8799999999999   1629
601.885   1630
601.89   1631
601.89   1632
601.905   1633
601.905   1634
601.915   1635
601.915   1636
601.915   1637
601.9350000000001   1638
601.9350000000001   1639
601.9350000000001   1640
601.9399999999999   1641
601.9399999999999   1642
601.945   1643
601.95   1644
601.9549999999999   1645
601.96   1646
601.975   1647
601.975   1648
601.975   1649
601.9849999999999   1650
601.9849999999999   1651
601.99   1652
601.995   1653
601.995   1654
602   1655
602.02   1656
602.02   1657
602.02   1658
602.0249999999999   1659
602.035   1660
602.0399999999998   1661
602.0500000000001   1662
602.0500000000001   1663
602.055   1664
602.0600000000001   1665
602.0600000000001   1666
602.065   1667
602.08   1668
602.08   1669
602.0849999999999   1670
602.0849999999999   1671
602.0849999999999   1672
602.09   1673
602.09   1674
602.1149999999999   1675
602.1149999999999   1676
602.12   1677
602.1299999999999   1678
602.135   1679
602.14   1680
602.1449999999999   1681
602.165   1682
602.165   1683
602.1750000000001   1684
602.1800000000001   1685
602.1800000000001   1686
602.1850000000001   1687
602.1850000000001   1688
602.1850000000001   1689
602.1850000000001   1690
602.1850000000001   1691
602.19   1692
602.195   1693
602.195   1694
602.1999999999999   1695
602.1999999999999   1696
602.205   1697
602.205   1698
602.205   1699
602.21   1700
602.21   1701
602.22   1702
602.22   1703
602.22   1704
602.2299999999999   1705
602.235   1706
602.235   1707
602.24   1708
602.2449999999999   1709
602.25   1710
602.255   1711
602.255   1712
602.265   1713
602.265   1714
602.27   1715
602.2749999999999   1716
602.2899999999998   1717
602.2899999999998   1718
602.295   1719
602.295   1720
602.3000000000001   1721
602.305   1722
602.3100000000001   1723
602.3100000000001   1724
602.3100000000001   1725
602.315   1726
602.315   1727
602.315   1728
602.3199999999999   1729
602.3199999999999   1730
602.3199999999999   1731
602.3199999999999   1732
602.3199999999999   1733
602.325   1734
602.33   1735
602.33   1736
602.335   1737
602.335   1738
602.34   1739
602.34   1740
602.34   1741
602.35   1742
602.35   1743
602.35   1744
602.3599999999999   1745
602.365   1746
602.365   1747
602.365   1748
602.365   1749
602.37   1750
602.3749999999999   1751
602.38   1752
602.38   1753
602.385   1754
602.385   1755
602.3899999999999   1756
602.3899999999999   1757
602.3899999999999   1758
602.3899999999999   1759
602.395   1760
602.4   1761
602.41   1762
602.41   1763
602.415   1764
602.415   1765
602.415   1766
602.415   1767
602.4199999999998   1768
602.4199999999998   1769
602.4199999999998   1770
602.4250000000001   1771
602.4250000000001   1772
602.4300000000001   1773
602.435   1774
602.435   1775
602.44   1776
602.44   1777
602.445   1778
602.445   1779
602.445   1780
602.445   1781
602.445   1782
602.445   1783
602.4499999999999   1784
602.455   1785
602.46   1786
602.46   1787
602.46   1788
602.4649999999999   1789
602.47   1790
602.475   1791
602.475   1792
602.475   1793
602.475   1794
602.475   1795
602.475   1796
602.475   1797
602.4799999999999   1798
602.485   1799
602.485   1800
602.485   1801
602.495   1802
602.495   1803
602.495   1804
602.495   1805
602.5   1806
602.5049999999999   1807
602.5049999999999   1808
602.5049999999999   1809
602.51   1810
602.51   1811
602.515   1812
602.515   1813
602.515   1814
602.5199999999999   1815
602.525   1816
602.525   1817
602.525   1818
602.5349999999999   1819
602.5349999999999   1820
602.545   1821
602.545   1822
602.55   1823
602.55   1824
602.5550000000001   1825
602.5550000000001   1826
602.5550000000001   1827
602.5600000000001   1828
602.5600000000001   1829
602.57   1830
602.57   1831
602.57   1832
602.57   1833
602.575   1834
602.5799999999999   1835
602.5799999999999   1836
602.585   1837
602.585   1838
602.585   1839
602.585   1840
602.5949999999999   1841
602.5949999999999   1842
602.5949999999999   1843
602.6   1844
602.6099999999999   1845
602.62   1846
602.6249999999999   1847
602.63   1848
602.63   1849
602.65   1850
602.65   1851
602.655   1852
602.655   1853
602.655   1854
602.655   1855
602.6649999999998   1856
602.6750000000001   1857
602.6750000000001   1858
602.6800000000001   1859
602.6850000000001   1860
602.6850000000001   1861
602.69   1862
602.6949999999999   1863
602.705   1864
602.705   1865
602.705   1866
602.7099999999999   1867
602.72   1868
602.7249999999999   1869
602.7249999999999   1870
602.73   1871
602.735   1872
602.745   1873
602.765   1874
602.775   1875
602.775   1876
602.79   1877
602.795   1878
602.8050000000001   1879
602.8149999999999   1880
602.825   1881
602.83   1882
602.845   1883
602.845   1884
602.85   1885
602.8549999999999   1886
602.86   1887
602.865   1888
602.88   1889
602.89   1890
602.92   1891
602.9250000000001   1892
602.9350000000001   1893
602.97   1894
602.9749999999999   1895
602.9749999999999   1896
602.99   1897
602.99   1898
602.9999999999999   1899
603.02   1900
603.0299999999999   1901
603.035   1902
603.035   1903
603.04   1904
603.0500000000001   1905
603.06   1906
603.08   1907
603.08   1908
603.1049999999999   1909
603.13   1910
603.13   1911
603.145   1912
603.165   1913
603.165   1914
603.17   1915
603.1750000000001   1916
603.1800000000001   1917
603.195   1918
603.2   1919
603.21   1920
603.21   1921
603.23   1922
603.23   1923
603.245   1924
603.255   1925
603.295   1926
603.295   1927
603.33   1928
603.34   1929
603.355   1930
603.3799999999999   1931
603.415   1932
657.075   1933
657.11   1934
657.3000000000001   1935
657.44   1936
657.8149999999999   1937
658.06   1938
658.17   1939
658.26   1940
658.2649999999999   1941
658.4350000000001   1942
658.48   1943
658.6699999999998   1944
658.7149999999999   1945
658.755   1946
658.7749999999999   1947
658.805   1948
658.8100000000001   1949
658.825   1950
658.94   1951
658.985   1952
659.0199999999999   1953
659.075   1954
659.105   1955
659.19   1956
659.245   1957
659.335   1958
659.345   1959
659.3549999999999   1960
659.405   1961
659.405   1962
659.43   1963
659.4350000000001   1964
659.45   1965
659.45   1966
659.56   1967
659.57   1968
659.5749999999999   1969
659.67   1970
659.74   1971
659.815   1972
659.8499999999999   1973
659.86   1974
659.945   1975
659.945   1976
660.0849999999999   1977
660.135   1978
660.145   1979
660.16   1980
660.165   1981
660.235   1982
660.2449999999999   1983
660.2599999999999   1984
660.335   1985
660.355   1986
660.3599999999999   1987
660.415   1988
660.445   1989
660.51   1990
660.5649999999999   1991
660.61   1992
660.64   1993
660.6499999999999   1994
660.68   1995
660.705   1996
660.72   1997
660.7799999999999   1998
660.8399999999999   1999
660.915   2000
660.975   2001
661.02   2002
661.0899999999999   2003
661.095   2004
661.165   2005
661.2599999999999   2006
661.285   2007
661.285   2008
661.3000000000001   2009
661.315   2010
661.3199999999999   2011
661.4199999999998   2012
661.425   2013
661.4949999999999   2014
661.505   2015
661.5600000000001   2016
661.5949999999999   2017
661.6249999999999   2018
661.635   2019
661.6399999999999   2020
661.645   2021
661.69   2022
661.735   2023
661.7549999999999   2024
661.76   2025
661.79   2026
661.82   2027
661.825   2028
661.8449999999999   2029
661.88   2030
661.9149999999998   2031
661.94   2032
661.97   2033
662.0349999999999   2034
662.04   2035
662.045   2036
662.0649999999999   2037
662.07   2038
662.0799999999999   2039
662.095   2040
662.1199999999999   2041
662.23   2042
662.24   2043
662.2649999999999   2044
662.285   2045
662.3000000000001   2046
662.3699999999999   2047
662.39   2048
662.4   2049
662.42   2050
662.465   2051
662.495   2052
662.4999999999999   2053
662.4999999999999   2054
662.505   2055
662.51   2056
662.5550000000001   2057
662.5550000000001   2058
662.58   2059
662.59   2060
662.64   2061
662.6599999999999   2062
662.675   2063
662.71   2064
662.715   2065
662.735   2066
662.74   2067
662.755   2068
662.77   2069
662.7899999999998   2070
662.795   2071
662.885   2072
662.9049999999999   2073
662.94   2074
662.945   2075
662.945   2076
663.0099999999999   2077
663.015   2078
663.015   2079
663.0249999999999   2080
663.035   2081
663.055   2082
663.065   2083
663.07   2084
663.12   2085
663.145   2086
663.1549999999999   2087
663.19   2088
663.195   2089
663.1999999999999   2090
663.2249999999999   2091
663.235   2092
663.2699999999999   2093
663.29   2094
663.3050000000001   2095
663.32   2096
663.325   2097
663.3299999999999   2098
663.335   2099
663.365   2100
663.38   2101
663.38   2102
663.5   2103
663.54   2104
663.5449999999998   2105
663.585   2106
663.6049999999999   2107
663.615   2108
663.6199999999999   2109
663.625   2110
663.6349999999999   2111
663.64   2112
663.64   2113
663.64   2114
663.66   2115
663.6649999999998   2116
663.6649999999998   2117
663.6850000000001   2118
663.6850000000001   2119
663.69   2120
663.7099999999999   2121
663.755   2122
663.76   2123
663.76   2124
663.7799999999999   2125
663.785   2126
663.785   2127
663.7949999999998   2128
663.82   2129
663.8399999999999   2130
663.845   2131
663.87   2132
663.875   2133
663.875   2134
663.8799999999999   2135
663.8799999999999   2136
663.885   2137
663.89   2138
663.9300000000001   2139
663.9350000000001   2140
663.9399999999999   2141
663.9549999999999   2142
663.9549999999999   2143
663.965   2144
663.975   2145
663.995   2146
663.9999999999999   2147
664.01   2148
664.025   2149
664.025   2150
664.03   2151
664.065   2152
664.0999999999999   2153
664.105   2154
664.1149999999999   2155
664.12   2156
664.12   2157
664.1299999999999   2158
664.1299999999999   2159
664.1449999999999   2160
664.1599999999999   2161
664.1599999999999   2162
664.1599999999999   2163
664.175   2164
664.175   2165
664.1850000000001   2166
664.225   2167
664.2299999999999   2168
664.255   2169
664.28   2170
664.28   2171
664.2899999999998   2172
664.295   2173
664.3000000000001   2174
664.33   2175
664.3349999999999   2176
664.345   2177
664.345   2178
664.3499999999999   2179
664.365   2180
664.3749999999999   2181
664.3899999999999   2182
664.3899999999999   2183
664.3899999999999   2184
664.395   2185
664.395   2186
664.4   2187
664.4250000000001   2188
664.4250000000001   2189
664.44   2190
664.46   2191
664.4649999999999   2192
664.515   2193
664.545   2194
664.5550000000001   2195
664.5649999999999   2196
664.5649999999999   2197
664.5649999999999   2198
664.57   2199
664.575   2200
664.5799999999999   2201
664.5949999999999   2202
664.6   2203
664.6   2204
664.67   2205
664.6750000000001   2206
664.6800000000001   2207
664.6800000000001   2208
664.69   2209
664.7   2210
664.705   2211
664.715   2212
664.72   2213
664.72   2214
664.7249999999999   2215
664.73   2216
664.73   2217
664.73   2218
664.735   2219
664.75   2220
664.7549999999999   2221
664.76   2222
664.76   2223
664.7699999999999   2224
664.7699999999999   2225
664.78   2226
664.7849999999999   2227
664.7849999999999   2228
664.7849999999999   2229
664.795   2230
664.8149999999999   2231
664.8149999999999   2232
664.8299999999999   2233
664.835   2234
664.8449999999999   2235
664.8449999999999   2236
664.8449999999999   2237
664.8449999999999   2238
664.85   2239
664.8549999999999   2240
664.86   2241
664.86   2242
664.86   2243
664.865   2244
664.8699999999999   2245
664.8699999999999   2246
664.8699999999999   2247
664.8699999999999   2248
664.875   2249
664.88   2250
664.8849999999999   2251
664.895   2252
664.8999999999999   2253
664.8999999999999   2254
664.8999999999999   2255
664.905   2256
664.905   2257
664.91   2258
664.91   2259
664.9149999999998   2260
664.93   2261
664.9350000000001   2262
664.94   2263
664.94   2264
664.9449999999999   2265
664.9449999999999   2266
664.955   2267
664.9599999999999   2268
664.965   2269
664.965   2270
664.97   2271
664.9749999999999   2272
664.9749999999999   2273
664.98   2274
664.98   2275
664.98   2276
664.9899999999999   2277
664.995   2278
664.995   2279
665   2280
665   2281
665.005   2282
665.005   2283
665.005   2284
665.01   2285
665.0149999999999   2286
665.02   2287
665.025   2288
665.025   2289
665.0299999999999   2290
665.0299999999999   2291
665.0299999999999   2292
665.0299999999999   2293
665.04   2294
665.04   2295
665.0449999999998   2296
665.0449999999998   2297
665.0449999999998   2298
665.0449999999998   2299
665.0500000000001   2300
665.0500000000001   2301
665.0550000000001   2302
665.0550000000001   2303
665.0550000000001   2304
665.06   2305
665.06   2306
665.065   2307
665.065   2308
665.065   2309
665.07   2310
665.07   2311
665.0749999999999   2312
665.0749999999999   2313
665.0749999999999   2314
665.0749999999999   2315
665.08   2316
665.08   2317
665.085   2318
665.085   2319
665.0899999999999   2320
665.0899999999999   2321
665.0899999999999   2322
665.0899999999999   2323
665.095   2324
665.095   2325
665.1   2326
665.1049999999999   2327
665.11   2328
665.11   2329
665.1199999999999   2330
665.1199999999999   2331
665.13   2332
665.14   2333
665.14   2334
665.14   2335
665.14   2336
665.14   2337
665.145   2338
665.1499999999999   2339
665.1499999999999   2340
665.1499999999999   2341
665.155   2342
665.16   2343
665.16   2344
665.165   2345
665.165   2346
665.17   2347
665.1750000000001   2348
665.1750000000001   2349
665.18   2350
665.18   2351
665.1850000000001   2352
665.19   2353
665.19   2354
665.195   2355
665.195   2356
665.2   2357
665.2049999999999   2358
665.215   2359
665.215   2360
665.2199999999999   2361
665.2199999999999   2362
665.2199999999999   2363
665.225   2364
665.225   2365
665.225   2366
665.225   2367
665.225   2368
665.23   2369
665.24   2370
665.24   2371
665.24   2372
665.2499999999999   2373
665.2499999999999   2374
665.2499999999999   2375
665.255   2376
665.26   2377
665.26   2378
665.2649999999999   2379
665.2649999999999   2380
665.2649999999999   2381
665.2649999999999   2382
665.27   2383
665.27   2384
665.275   2385
665.2799999999999   2386
665.2799999999999   2387
665.2799999999999   2388
665.2799999999999   2389
665.285   2390
665.285   2391
665.29   2392
665.3050000000001   2393
665.31   2394
665.31   2395
665.3249999999999   2396
665.335   2397
665.345   2398
665.3499999999999   2399
665.3499999999999   2400
665.3499999999999   2401
665.355   2402
665.355   2403
665.355   2404
665.3649999999999   2405
665.37   2406
665.37   2407
665.37   2408
665.39   2409
665.3949999999999   2410
665.3949999999999   2411
665.3949999999999   2412
665.4099999999999   2413
665.4099999999999   2414
665.4350000000001   2415
665.4399999999999   2416
665.465   2417
665.4699999999999   2418
665.475   2419
665.48   2420
665.49   2421
665.495   2422
665.5   2423
665.505   2424
665.5099999999999   2425
665.5249999999999   2426
665.5399999999998   2427
665.5399999999998   2428
665.545   2429
665.5699999999999   2430
665.575   2431
665.59   2432
665.59   2433
665.605   2434
665.605   2435
665.6149999999999   2436
665.6149999999999   2437
665.635   2438
665.64   2439
665.64   2440
665.65   2441
665.6699999999998   2442
665.675   2443
665.685   2444
665.7149999999999   2445
665.725   2446
665.765   2447
665.77   2448
665.77   2449
714.5500000000001   2450
714.57   2451
714.6299999999999   2452
714.725   2453
714.8949999999999   2454
714.945   2455
714.9699999999999   2456
715.12   2457
715.2849999999999   2458
715.29   2459
715.465   2460
715.5049999999999   2461
715.615   2462
715.6850000000001   2463
715.735   2464
715.79   2465
715.835   2466
716.225   2467
716.24   2468
716.455   2469
716.47   2470
716.5500000000001   2471
716.5600000000001   2472
716.6549999999999   2473
716.6999999999999   2474
716.775   2475
716.7849999999999   2476
716.955   2477
717.0049999999999   2478
717.01   2479
717.0600000000001   2480
717.275   2481
717.43   2482
717.4699999999999   2483
717.6449999999999   2484
717.65   2485
717.675   2486
717.74   2487
717.75   2488
717.785   2489
717.8899999999999   2490
718.005   2491
718.0949999999999   2492
718.185   2493
718.2149999999999   2494
718.275   2495
718.335   2496
718.3449999999999   2497
718.3849999999999   2498
718.465   2499
718.5649999999999   2500
718.57   2501
718.615   2502
718.6649999999998   2503
718.725   2504
718.73   2505
718.755   2506
718.865   2507
718.8949999999999   2508
718.9   2509
718.975   2510
719.0500000000001   2511
719.265   2512
719.3649999999999   2513
719.55   2514
719.5550000000001   2515
719.59   2516
719.6099999999999   2517
719.6099999999999   2518
719.63   2519
719.635   2520
719.6750000000001   2521
719.6800000000001   2522
719.715   2523
719.72   2524
719.72   2525
719.765   2526
719.8299999999999   2527
719.91   2528
719.9449999999999   2529
719.9749999999999   2530
720   2531
720.085   2532
720.0899999999999   2533
720.23   2534
720.26   2535
720.2949999999998   2536
720.415   2537
720.5249999999999   2538
720.555   2539
720.5699999999999   2540
720.575   2541
720.5999999999999   2542
720.695   2543
720.705   2544
720.725   2545
720.8349999999999   2546
720.975   2547
721.01   2548
721.05   2549
721.145   2550
721.16   2551
721.205   2552
721.245   2553
721.29   2554
721.3   2555
721.32   2556
721.345   2557
721.365   2558
721.4749999999999   2559
721.4999999999999   2560
721.5149999999999   2561
721.615   2562
721.65   2563
721.67   2564
721.6800000000001   2565
721.6850000000001   2566
721.8349999999999   2567
721.845   2568
721.86   2569
721.925   2570
721.9300000000001   2571
721.9699999999999   2572
722.015   2573
722.055   2574
722.19   2575
722.205   2576
722.21   2577
722.21   2578
722.27   2579
722.3100000000001   2580
722.3199999999999   2581
722.34   2582
722.4199999999998   2583
722.4300000000001   2584
722.435   2585
722.44   2586
722.445   2587
722.54   2588
722.59   2589
722.6   2590
722.64   2591
722.645   2592
722.69   2593
722.735   2594
722.7399999999999   2595
722.79   2596
722.81   2597
722.865   2598
722.88   2599
722.8849999999999   2600
722.9699999999999   2601
722.975   2602
722.98   2603
723.035   2604
723.0449999999998   2605
723.065   2606
723.1199999999999   2607
723.1199999999999   2608
723.1800000000001   2609
723.2199999999999   2610
723.26   2611
723.315   2612
723.325   2613
723.3499999999999   2614
723.355   2615
723.37   2616
723.375   2617
723.4549999999999   2618
723.47   2619
723.475   2620
723.5099999999999   2621
723.52   2622
723.53   2623
723.53   2624
723.555   2625
723.555   2626
723.5600000000001   2627
723.605   2628
723.62   2629
723.6399999999999   2630
723.6699999999998   2631
723.685   2632
723.74   2633
723.765   2634
723.79   2635
723.825   2636
723.895   2637
723.9499999999999   2638
723.9499999999999   2639
723.9499999999999   2640
723.955   2641
724.015   2642
724.05   2643
724.0600000000001   2644
724.0799999999999   2645
724.155   2646
724.2099999999999   2647
724.215   2648
724.22   2649
724.245   2650
724.27   2651
724.29   2652
724.2949999999998   2653
724.3050000000001   2654
724.315   2655
724.3699999999999   2656
724.375   2657
724.39   2658
724.395   2659
724.405   2660
724.41   2661
724.4149999999998   2662
724.465   2663
724.4699999999999   2664
724.48   2665
724.495   2666
724.5299999999999   2667
724.54   2668
724.5500000000001   2669
724.595   2670
724.5999999999999   2671
724.605   2672
724.625   2673
724.655   2674
724.71   2675
724.715   2676
724.7199999999999   2677
724.725   2678
724.7499999999999   2679
724.77   2680
724.7749999999999   2681
724.8000000000001   2682
724.8100000000001   2683
724.825   2684
724.825   2685
724.83   2686
724.83   2687
724.8349999999999   2688
724.8499999999999   2689
724.8499999999999   2690
724.855   2691
724.9099999999999   2692
724.935   2693
724.935   2694
724.945   2695
724.9649999999999   2696
725   2697
725.0099999999999   2698
725.0249999999999   2699
725.03   2700
725.035   2701
725.0500000000001   2702
725.055   2703
725.0600000000001   2704
725.0600000000001   2705
725.065   2706
725.09   2707
725.1099999999999   2708
725.1249999999999   2709
725.1249999999999   2710
725.1249999999999   2711
725.1399999999999   2712
725.1549999999999   2713
725.165   2714
725.165   2715
725.1750000000001   2716
725.185   2717
725.1999999999999   2718
725.21   2719
725.21   2720
725.21   2721
725.22   2722
725.2299999999999   2723
725.2449999999999   2724
725.25   2725
725.2549999999999   2726
725.275   2727
725.28   2728
725.2849999999999   2729
725.2849999999999   2730
725.295   2731
725.3   2732
725.3050000000001   2733
725.32   2734
725.32   2735
725.3299999999999   2736
725.3599999999999   2737
725.365   2738
725.38   2739
725.385   2740
725.48   2741
725.485   2742
725.5   2743
725.5   2744
725.515   2745
725.5199999999999   2746
725.53   2747
725.545   2748
725.55   2749
725.5550000000001   2750
725.5799999999999   2751
725.585   2752
725.585   2753
725.595   2754
725.6199999999999   2755
725.63   2756
725.63   2757
725.63   2758
725.66   2759
725.6649999999998   2760
725.68   2761
725.6850000000001   2762
725.6949999999999   2763
725.705   2764
725.715   2765
725.715   2766
725.72   2767
725.7249999999999   2768
725.7349999999999   2769
725.7399999999999   2770
725.7499999999999   2771
725.7499999999999   2772
725.7499999999999   2773
725.76   2774
725.76   2775
725.775   2776
725.7799999999999   2777
725.7799999999999   2778
725.7799999999999   2779
725.7799999999999   2780
725.785   2781
725.8050000000001   2782
725.81   2783
725.81   2784
725.82   2785
725.83   2786
725.83   2787
725.8399999999999   2788
725.845   2789
725.85   2790
725.8699999999999   2791
725.8699999999999   2792
725.875   2793
725.8849999999999   2794
725.8949999999999   2795
725.9099999999999   2796
725.915   2797
725.9300000000001   2798
725.9350000000001   2799
725.9399999999999   2800
725.9399999999999   2801
725.9549999999999   2802
725.965   2803
725.9849999999999   2804
725.995   2805
725.995   2806
725.995   2807
726.005   2808
726.01   2809
726.02   2810
726.02   2811
726.0299999999999   2812
726.035   2813
726.0500000000001   2814
726.0500000000001   2815
726.0550000000001   2816
726.06   2817
726.07   2818
726.07   2819
726.0849999999999   2820
726.0999999999999   2821
726.105   2822
726.11   2823
726.1149999999999   2824
726.1149999999999   2825
726.1149999999999   2826
726.1149999999999   2827
726.12   2828
726.135   2829
726.135   2830
726.155   2831
726.165   2832
726.175   2833
726.1850000000001   2834
726.2049999999999   2835
726.21   2836
726.21   2837
726.2199999999999   2838
726.2299999999999   2839
726.235   2840
726.24   2841
726.2449999999999   2842
726.2449999999999   2843
726.2449999999999   2844
726.2449999999999   2845
726.255   2846
726.2749999999999   2847
726.2749999999999   2848
726.2749999999999   2849
726.28   2850
726.285   2851
726.3100000000001   2852
726.3100000000001   2853
726.3100000000001   2854
726.3100000000001   2855
726.3100000000001   2856
726.315   2857
726.315   2858
726.315   2859
726.315   2860
726.315   2861
726.315   2862
726.3199999999999   2863
726.3199999999999   2864
726.33   2865
726.33   2866
726.34   2867
726.345   2868
726.345   2869
726.345   2870
726.3499999999999   2871
726.3499999999999   2872
726.36   2873
726.36   2874
726.3649999999999   2875
726.385   2876
726.3899999999999   2877
726.3899999999999   2878
726.395   2879
726.415   2880
726.4250000000001   2881
726.435   2882
726.44   2883
726.44   2884
726.44   2885
726.455   2886
726.455   2887
726.46   2888
726.4649999999999   2889
726.4649999999999   2890
726.4649999999999   2891
726.475   2892
726.475   2893
726.4799999999999   2894
726.4799999999999   2895
726.49   2896
726.4949999999999   2897
726.5099999999999   2898
726.5099999999999   2899
726.5099999999999   2900
726.515   2901
726.52   2902
726.53   2903
726.53   2904
726.53   2905
726.5349999999999   2906
726.5349999999999   2907
726.5399999999998   2908
726.5399999999998   2909
726.545   2910
726.545   2911
726.545   2912
726.5500000000001   2913
726.5500000000001   2914
726.555   2915
726.555   2916
726.5600000000001   2917
726.5600000000001   2918
726.5600000000001   2919
726.5649999999999   2920
726.5649999999999   2921
726.5649999999999   2922
726.57   2923
726.57   2924
726.57   2925
726.575   2926
726.5799999999999   2927
726.585   2928
726.59   2929
726.5949999999999   2930
726.605   2931
726.6099999999999   2932
726.6099999999999   2933
726.6249999999999   2934
726.63   2935
726.6399999999999   2936
726.6549999999999   2937
726.66   2938
726.6699999999998   2939
726.6699999999998   2940
726.685   2941
726.685   2942
726.69   2943
726.69   2944
726.69   2945
726.6999999999999   2946
726.71   2947
726.71   2948
726.7149999999999   2949
726.7249999999999   2950
726.735   2951
726.735   2952
726.735   2953
726.7399999999999   2954
726.7399999999999   2955
726.745   2956
726.75   2957
726.78   2958
726.8   2959
726.8   2960
726.8050000000001   2961
726.82   2962
726.855   2963
