163.145   1
163.145   2
163.155   3
163.16499999999996   4
163.16499999999996   5
163.16499999999996   6
163.16499999999996   7
163.17999999999998   8
163.185   9
163.185   10
163.185   11
163.185   12
163.19   13
163.19   14
163.20499999999998   15
163.21   16
163.215   17
163.21999999999997   18
163.21999999999997   19
163.21999999999997   20
163.225   21
163.225   22
163.23   23
163.23   24
163.23   25
163.24   26
163.24   27
163.24   28
163.24   29
163.24   30
163.24   31
163.25   32
163.25   33
163.255   34
163.27   35
163.275   36
163.29   37
163.29   38
163.29   39
163.29   40
163.29500000000002   41
163.31   42
163.325   43
163.36   44
163.39499999999998   45
163.4   46
163.4   47
163.415   48
163.415   49
163.42   50
163.42   51
163.43499999999997   52
163.44499999999996   53
163.455   54
163.465   55
163.47   56
163.475   57
163.475   58
163.49999999999997   59
163.51   60
163.52   61
163.52   62
163.55499999999998   63
163.56499999999997   64
163.56499999999997   65
163.57   66
163.57   67
163.60499999999996   68
163.60499999999996   69
163.61   70
163.61   71
163.615   72
163.61999999999998   73
163.63   74
163.63499999999996   75
163.63499999999996   76
163.65   77
163.65999999999997   78
163.67000000000002   79
163.695   80
163.695   81
163.705   82
163.71   83
163.71   84
163.72   85
163.72   86
163.72499999999997   87
163.72499999999997   88
163.73999999999998   89
163.745   90
163.745   91
163.75   92
163.75499999999997   93
163.76500000000001   94
163.76500000000001   95
163.77999999999997   96
163.785   97
163.785   98
163.79   99
163.79   100
163.795   101
163.795   102
163.795   103
163.8   104
163.815   105
163.81999999999996   106
163.82500000000002   107
163.83   108
163.83499999999998   109
163.84   110
163.84   111
163.84   112
163.845   113
163.845   114
163.85   115
163.85   116
163.85999999999999   117
163.85999999999999   118
163.85999999999999   119
163.87   120
163.87499999999997   121
163.87499999999997   122
163.87499999999997   123
163.87499999999997   124
163.88499999999996   125
163.89000000000001   126
163.89000000000001   127
163.905   128
163.91   129
163.91   130
163.92000000000002   131
163.92000000000002   132
163.925   133
163.925   134
163.93999999999997   135
163.945   136
163.945   137
163.945   138
163.96   139
163.965   140
163.965   141
163.975   142
163.975   143
163.97999999999996   144
163.97999999999996   145
163.97999999999996   146
163.97999999999996   147
163.97999999999996   148
163.97999999999996   149
163.985   150
163.985   151
163.99   152
163.99   153
164   154
164   155
164   156
164.005   157
164.01   158
164.01500000000001   159
164.01500000000001   160
164.03499999999997   161
164.03499999999997   162
164.03499999999997   163
164.04   164
164.04999999999998   165
164.055   166
164.05999999999997   167
164.05999999999997   168
164.065   169
164.075   170
164.085   171
164.09999999999997   172
164.09999999999997   173
164.105   174
164.105   175
164.105   176
164.125   177
164.125   178
164.13   179
164.13   180
164.14   181
164.14   182
164.15   183
164.15499999999997   184
164.15499999999997   185
164.16   186
164.16   187
164.17   188
164.175   189
164.175   190
164.175   191
164.185   192
164.20000000000002   193
164.205   194
164.20999999999998   195
164.21999999999997   196
164.225   197
164.23   198
164.23   199
164.23   200
164.24   201
164.245   202
164.24999999999997   203
164.25999999999996   204
164.27   205
164.27499999999998   206
164.27499999999998   207
164.29   208
164.29   209
164.29500000000002   210
164.31   211
164.31499999999997   212
164.32500000000002   213
164.32999999999998   214
164.33999999999997   215
164.345   216
164.345   217
164.35   218
164.36   219
164.36   220
164.365   221
164.36999999999998   222
164.36999999999998   223
164.36999999999998   224
164.375   225
164.375   226
164.37999999999997   227
164.37999999999997   228
164.37999999999997   229
164.385   230
164.39000000000001   231
164.39000000000001   232
164.39000000000001   233
164.39499999999998   234
164.39499999999998   235
164.39499999999998   236
164.39499999999998   237
164.4   238
164.4   239
164.405   240
164.405   241
164.40999999999997   242
164.415   243
164.415   244
164.42000000000002   245
164.425   246
164.43499999999997   247
164.44   248
164.44   249
164.44   250
164.445   251
164.445   252
164.445   253
164.45   254
164.465   255
164.47   256
164.47499999999997   257
164.48   258
164.485   259
164.485   260
164.495   261
164.49999999999997   262
164.49999999999997   263
164.505   264
164.505   265
164.505   266
164.51   267
164.515   268
164.52   269
164.52   270
164.52   271
164.525   272
164.525   273
164.52999999999997   274
164.53999999999996   275
164.55   276
164.55499999999998   277
164.56   278
164.565   279
164.57500000000002   280
164.58   281
164.59499999999997   282
164.59499999999997   283
164.59499999999997   284
164.6   285
164.6   286
164.60999999999999   287
164.615   288
164.62   289
164.625   290
164.625   291
164.63499999999996   292
164.64000000000001   293
164.645   294
164.655   295
164.665   296
164.665   297
164.67000000000002   298
164.685   299
164.68999999999997   300
164.68999999999997   301
164.695   302
164.695   303
164.705   304
164.71   305
164.71499999999997   306
164.71499999999997   307
164.72   308
164.72   309
164.72   310
164.72   311
164.725   312
164.735   313
164.74   314
164.75499999999997   315
164.76   316
164.76   317
164.76500000000001   318
164.76999999999998   319
164.76999999999998   320
164.785   321
164.79   322
164.79   323
164.79   324
164.79   325
164.79   326
164.795   327
164.8   328
164.8   329
164.805   330
164.80999999999997   331
164.80999999999997   332
164.80999999999997   333
164.84   334
164.855   335
164.855   336
164.86   337
164.86499999999998   338
164.87   339
164.87499999999997   340
164.88   341
164.885   342
164.885   343
164.89   344
164.9   345
164.90499999999997   346
164.90499999999997   347
164.91   348
164.91499999999996   349
164.91499999999996   350
164.94   351
164.94   352
164.945   353
164.95000000000002   354
164.95499999999998   355
164.95499999999998   356
164.95499999999998   357
164.96   358
164.965   359
164.965   360
164.96999999999997   361
164.98   362
164.98499999999999   363
164.99   364
164.99   365
164.99499999999998   366
165   367
165   368
165.005   369
165.00999999999996   370
165.01500000000001   371
165.02   372
165.02499999999998   373
165.02499999999998   374
165.03   375
165.03   376
165.03499999999997   377
165.04500000000002   378
165.06   379
165.07   380
165.07   381
165.07   382
165.07500000000002   383
165.07500000000002   384
165.07500000000002   385
165.08999999999997   386
165.08999999999997   387
165.1   388
165.11499999999998   389
165.125   390
165.125   391
165.125   392
165.12999999999997   393
165.14000000000001   394
165.16   395
165.165   396
165.165   397
165.165   398
165.17   399
165.175   400
165.18   401
165.18   402
165.18499999999997   403
165.20000000000002   404
165.215   405
165.22499999999997   406
165.24999999999997   407
165.26   408
165.265   409
165.27   410
165.29500000000002   411
165.30499999999998   412
165.32500000000002   413
165.32500000000002   414
165.34   415
165.34499999999997   416
165.35499999999996   417
165.39000000000001   418
165.39000000000001   419
165.405   420
165.415   421
165.415   422
165.42000000000002   423
165.42499999999998   424
165.44   425
165.445   426
165.445   427
165.455   428
165.46   429
165.46499999999997   430
165.46499999999997   431
165.48999999999998   432
165.48999999999998   433
165.495   434
165.51   435
165.51500000000001   436
165.55   437
165.565   438
165.57500000000002   439
165.58499999999998   440
165.63   441
165.635   442
165.645   443
165.67000000000002   444
165.675   445
165.68999999999997   446
165.695   447
165.70000000000002   448
165.70499999999998   449
165.71   450
165.71999999999997   451
165.74   452
165.74499999999998   453
165.75   454
165.75   455
165.755   456
165.775   457
165.825   458
165.825   459
165.83   460
165.84999999999997   461
165.87999999999997   462
165.87999999999997   463
165.90499999999997   464
165.92   465
165.92999999999998   466
165.92999999999998   467
165.995   468
166.01500000000001   469
166.02   470
166.085   471
166.09   472
166.095   473
166.115   474
166.125   475
166.165   476
166.19   477
166.195   478
166.195   479
166.195   480
166.21   481
166.445   482
166.445   483
166.46499999999997   484
166.5   485
166.54   486
166.57   487
166.58499999999998   488
166.62499999999997   489
166.73499999999999   490
169.795   491
169.85   492
169.91   493
170.04999999999998   494
170.07   495
170.08   496
170.12   497
170.205   498
170.405   499
170.415   500
170.43   501
170.43499999999997   502
170.45   503
170.455   504
170.455   505
170.455   506
170.465   507
170.465   508
170.48   509
170.48   510
170.48   511
170.485   512
170.485   513
170.485   514
170.51   515
170.515   516
170.515   517
170.52   518
170.52   519
170.52   520
170.52   521
170.52999999999997   522
170.535   523
170.53999999999996   524
170.53999999999996   525
170.53999999999996   526
170.55499999999998   527
170.55499999999998   528
170.59   529
170.60999999999999   530
170.615   531
170.655   532
170.655   533
170.67000000000002   534
170.67000000000002   535
170.67000000000002   536
170.67499999999998   537
170.68   538
170.685   539
170.68999999999997   540
170.695   541
170.695   542
170.70000000000002   543
170.70000000000002   544
170.705   545
170.71   546
170.725   547
170.725   548
170.72999999999996   549
170.72999999999996   550
170.74   551
170.745   552
170.75   553
170.75   554
170.75499999999997   555
170.76500000000001   556
170.76999999999998   557
170.76999999999998   558
170.775   559
170.785   560
170.80999999999997   561
170.80999999999997   562
170.815   563
170.815   564
170.825   565
170.825   566
170.83   567
170.83499999999998   568
170.83499999999998   569
170.84   570
170.84999999999997   571
170.855   572
170.86499999999998   573
170.87   574
170.87   575
170.87499999999997   576
170.87499999999997   577
170.9   578
170.905   579
170.905   580
170.905   581
170.91   582
170.91499999999996   583
170.92000000000002   584
170.925   585
170.92999999999998   586
170.92999999999998   587
170.935   588
170.965   589
170.975   590
170.98499999999999   591
170.98499999999999   592
170.99   593
170.99499999999998   594
170.99499999999998   595
171.005   596
171.005   597
171.005   598
171.03   599
171.03   600
171.03499999999997   601
171.04   602
171.04   603
171.04500000000002   604
171.04500000000002   605
171.04999999999998   606
171.055   607
171.055   608
171.055   609
171.06   610
171.06   611
171.07   612
171.07   613
171.075   614
171.08   615
171.08   616
171.085   617
171.08999999999997   618
171.08999999999997   619
171.095   620
171.095   621
171.1   622
171.1   623
171.10499999999996   624
171.10499999999996   625
171.10499999999996   626
171.10499999999996   627
171.10499999999996   628
171.11   629
171.11499999999998   630
171.11499999999998   631
171.11499999999998   632
171.12   633
171.12   634
171.125   635
171.125   636
171.12999999999997   637
171.135   638
171.135   639
171.135   640
171.135   641
171.135   642
171.135   643
171.14000000000001   644
171.14000000000001   645
171.14499999999998   646
171.14499999999998   647
171.14499999999998   648
171.15   649
171.15   650
171.15499999999997   651
171.15499999999997   652
171.15499999999997   653
171.15499999999997   654
171.15499999999997   655
171.15499999999997   656
171.15499999999997   657
171.15499999999997   658
171.15499999999997   659
171.16   660
171.16   661
171.16   662
171.17   663
171.17   664
171.175   665
171.175   666
171.18   667
171.18   668
171.19   669
171.19499999999996   670
171.19499999999996   671
171.19499999999996   672
171.20000000000002   673
171.205   674
171.205   675
171.20999999999998   676
171.215   677
171.215   678
171.22   679
171.22   680
171.23   681
171.23   682
171.24   683
171.245   684
171.245   685
171.24999999999997   686
171.255   687
171.255   688
171.255   689
171.255   690
171.255   691
171.26   692
171.27499999999998   693
171.285   694
171.29500000000002   695
171.30499999999998   696
171.31   697
171.31   698
171.31499999999997   699
171.32500000000002   700
171.32999999999998   701
171.335   702
171.335   703
171.335   704
171.34   705
171.36   706
171.365   707
171.365   708
171.36999999999998   709
171.36999999999998   710
171.38   711
171.38   712
171.39000000000001   713
171.39000000000001   714
171.395   715
171.395   716
171.395   717
171.4   718
171.405   719
171.40999999999997   720
171.415   721
171.42000000000002   722
171.43   723
171.435   724
171.45   725
171.45   726
171.45   727
171.45   728
171.46   729
171.46   730
171.46499999999997   731
171.47499999999997   732
171.47499999999997   733
171.485   734
171.48999999999998   735
171.48999999999998   736
171.495   737
171.50499999999997   738
171.51   739
171.51500000000001   740
171.52   741
171.525   742
171.525   743
171.535   744
171.54   745
171.54   746
171.54   747
171.54   748
171.55   749
171.56   750
171.565   751
171.565   752
171.57500000000002   753
171.595   754
171.595   755
171.6   756
171.605   757
171.605   758
171.605   759
171.60999999999999   760
171.62   761
171.63   762
171.635   763
171.645   764
171.645   765
171.645   766
171.645   767
171.655   768
171.67000000000002   769
171.67000000000002   770
171.67000000000002   771
171.675   772
171.685   773
171.685   774
171.68999999999997   775
171.695   776
171.695   777
171.695   778
171.715   779
171.71999999999997   780
171.71999999999997   781
171.71999999999997   782
171.725   783
171.72999999999996   784
171.735   785
171.735   786
171.735   787
171.74   788
171.76   789
171.76   790
171.775   791
171.78   792
171.78   793
171.78   794
171.78499999999997   795
171.79   796
171.79999999999998   797
171.815   798
171.815   799
171.825   800
171.825   801
171.83   802
171.835   803
171.83999999999997   804
171.845   805
171.84999999999997   806
171.84999999999997   807
171.84999999999997   808
171.84999999999997   809
171.855   810
171.87   811
171.87   812
171.895   813
171.90499999999997   814
171.91   815
171.915   816
171.915   817
171.92999999999998   818
171.92999999999998   819
171.94   820
171.94   821
171.95000000000002   822
171.95999999999998   823
171.95999999999998   824
171.965   825
171.965   826
171.975   827
171.98   828
171.98499999999999   829
171.98499999999999   830
171.98499999999999   831
171.98499999999999   832
171.99   833
171.99999999999997   834
171.99999999999997   835
171.99999999999997   836
172.00999999999996   837
172.00999999999996   838
172.00999999999996   839
172.02   840
172.02   841
172.02499999999998   842
172.02499999999998   843
172.05   844
172.05   845
172.05   846
172.055   847
172.055   848
172.055   849
172.06   850
172.06   851
172.06499999999997   852
172.07   853
172.07   854
172.07500000000002   855
172.07999999999998   856
172.07999999999998   857
172.085   858
172.08999999999997   859
172.08999999999997   860
172.095   861
172.10499999999996   862
172.11   863
172.11   864
172.11   865
172.11   866
172.11   867
172.115   868
172.125   869
172.125   870
172.125   871
172.14000000000001   872
172.14000000000001   873
172.155   874
172.15999999999997   875
172.165   876
172.17000000000002   877
172.175   878
172.175   879
172.18   880
172.19   881
172.195   882
172.22   883
172.22499999999997   884
172.25   885
172.27   886
172.28999999999996   887
172.295   888
172.30499999999998   889
172.32500000000002   890
172.33   891
172.33   892
172.33499999999998   893
172.34   894
172.35   895
172.355   896
172.355   897
172.365   898
172.375   899
172.38   900
172.38499999999996   901
172.39000000000001   902
172.395   903
172.43   904
172.435   905
172.435   906
172.45000000000002   907
172.46   908
172.47999999999996   909
172.47999999999996   910
172.49   911
172.5   912
172.5   913
172.51500000000001   914
172.51500000000001   915
172.525   916
172.525   917
172.525   918
172.555   919
172.575   920
172.58499999999998   921
172.58499999999998   922
172.59999999999997   923
172.61   924
172.61499999999998   925
172.62   926
172.62499999999997   927
172.635   928
172.67999999999998   929
172.69499999999996   930
172.70499999999998   931
172.73   932
172.75   933
172.755   934
172.75999999999996   935
172.75999999999996   936
172.76500000000001   937
172.77499999999998   938
172.78   939
172.78   940
172.78499999999997   941
172.79   942
172.79999999999998   943
172.81   944
172.81499999999997   945
172.82500000000002   946
172.845   947
172.845   948
172.86   949
172.865   950
172.89499999999998   951
172.90499999999997   952
172.94499999999996   953
172.955   954
172.95999999999998   955
172.965   956
172.99   957
173.005   958
173.025   959
173.03   960
173.03   961
173.035   962
173.04500000000002   963
173.06   964
173.07999999999998   965
173.09   966
173.1   967
173.10999999999999   968
173.115   969
173.11999999999998   970
173.13   971
173.13499999999996   972
173.18   973
173.21   974
173.235   975
173.23999999999998   976
173.245   977
173.26   978
173.26500000000001   979
173.275   980
173.285   981
173.305   982
173.37   983
173.39999999999998   984
173.49499999999998   985
173.57   986
173.57   987
173.57   988
173.585   989
173.665   990
173.8   991
173.875   992
174.065   993
174.12499999999997   994
174.18999999999997   995
174.25   996
174.355   997
174.39   998
174.41499999999996   999
178.475   1000
178.47999999999996   1001
178.5   1002
178.50499999999997   1003
178.51500000000001   1004
178.525   1005
178.53499999999997   1006
178.54   1007
178.545   1008
178.55   1009
178.55   1010
178.555   1011
178.55999999999997   1012
178.565   1013
178.58499999999998   1014
178.58499999999998   1015
178.59   1016
178.595   1017
178.595   1018
178.595   1019
178.59999999999997   1020
178.61499999999998   1021
178.62   1022
178.65   1023
178.65499999999997   1024
178.66499999999996   1025
178.67000000000002   1026
178.71999999999997   1027
178.725   1028
178.73499999999999   1029
178.76500000000001   1030
178.76500000000001   1031
178.76500000000001   1032
178.76500000000001   1033
178.76500000000001   1034
178.77499999999998   1035
178.78   1036
178.78   1037
178.78499999999997   1038
178.78499999999997   1039
178.79   1040
178.79   1041
178.805   1042
178.81   1043
178.82   1044
178.82500000000002   1045
178.82500000000002   1046
178.89499999999998   1047
178.91   1048
178.92   1049
178.925   1050
178.93   1051
178.94499999999996   1052
178.97   1053
178.97   1054
178.97499999999997   1055
178.985   1056
178.99   1057
179.01   1058
179.03   1059
179.03   1060
179.035   1061
179.035   1062
179.04500000000002   1063
179.04500000000002   1064
179.05   1065
179.05499999999998   1066
179.06   1067
179.07500000000002   1068
179.085   1069
179.085   1070
179.09   1071
179.09499999999997   1072
179.10999999999999   1073
179.10999999999999   1074
179.11999999999998   1075
179.125   1076
179.13   1077
179.155   1078
179.15999999999997   1079
179.18   1080
179.185   1081
179.185   1082
179.19   1083
179.195   1084
179.205   1085
179.205   1086
179.21   1087
179.21   1088
179.21   1089
179.22   1090
179.22   1091
179.22   1092
179.22   1093
179.225   1094
179.225   1095
179.225   1096
179.225   1097
179.225   1098
179.23   1099
179.23   1100
179.235   1101
179.235   1102
179.235   1103
179.23999999999998   1104
179.23999999999998   1105
179.23999999999998   1106
179.23999999999998   1107
179.245   1108
179.245   1109
179.25   1110
179.25499999999997   1111
179.26500000000001   1112
179.26500000000001   1113
179.26500000000001   1114
179.26999999999998   1115
179.26999999999998   1116
179.275   1117
179.275   1118
179.285   1119
179.285   1120
179.29   1121
179.29   1122
179.29   1123
179.29   1124
179.3   1125
179.3   1126
179.305   1127
179.305   1128
179.30999999999997   1129
179.30999999999997   1130
179.32500000000002   1131
179.32500000000002   1132
179.34   1133
179.345   1134
179.345   1135
179.34999999999997   1136
179.365   1137
179.38   1138
179.385   1139
179.405   1140
179.405   1141
179.435   1142
179.435   1143
179.43999999999997   1144
179.445   1145
179.445   1146
179.45000000000002   1147
179.465   1148
179.465   1149
179.46999999999997   1150
179.475   1151
179.475   1152
179.47999999999996   1153
179.47999999999996   1154
179.49   1155
179.49   1156
179.49   1157
179.49499999999998   1158
179.5   1159
179.5   1160
179.525   1161
179.53   1162
179.54   1163
179.555   1164
179.58   1165
179.58999999999997   1166
179.595   1167
179.59999999999997   1168
179.605   1169
179.61499999999998   1170
179.62   1171
179.625   1172
179.62999999999997   1173
179.645   1174
179.65499999999997   1175
179.66   1176
179.665   1177
179.67   1178
179.67   1179
179.67   1180
179.67   1181
179.675   1182
179.675   1183
179.675   1184
179.685   1185
179.685   1186
179.70000000000002   1187
179.705   1188
179.70999999999998   1189
179.715   1190
179.71999999999997   1191
179.74   1192
179.74   1193
179.745   1194
179.745   1195
179.745   1196
179.745   1197
179.74999999999997   1198
179.74999999999997   1199
179.755   1200
179.755   1201
179.75999999999996   1202
179.765   1203
179.77   1204
179.785   1205
179.78999999999996   1206
179.79500000000002   1207
179.805   1208
179.805   1209
179.81   1210
179.81499999999997   1211
179.82500000000002   1212
179.84   1213
179.845   1214
179.845   1215
179.85   1216
179.85499999999996   1217
179.85499999999996   1218
179.865   1219
179.875   1220
179.875   1221
179.87999999999997   1222
179.87999999999997   1223
179.89000000000001   1224
179.89000000000001   1225
179.9   1226
179.905   1227
179.90999999999997   1228
179.90999999999997   1229
179.92000000000002   1230
179.93   1231
179.93   1232
179.96499999999997   1233
179.97   1234
179.985   1235
179.98999999999998   1236
179.98999999999998   1237
179.98999999999998   1238
180.01   1239
180.01   1240
180.02   1241
180.02   1242
180.02999999999997   1243
180.02999999999997   1244
180.02999999999997   1245
180.045   1246
180.045   1247
180.05   1248
180.05   1249
180.05499999999998   1250
180.05499999999998   1251
180.065   1252
180.065   1253
180.07500000000002   1254
180.09   1255
180.09499999999997   1256
180.1   1257
180.105   1258
180.12   1259
180.12   1260
180.12499999999997   1261
180.13   1262
180.13499999999996   1263
180.155   1264
180.155   1265
180.16   1266
180.16499999999996   1267
180.16499999999996   1268
180.17000000000002   1269
180.17499999999998   1270
180.18   1271
180.185   1272
180.185   1273
180.18999999999997   1274
180.18999999999997   1275
180.18999999999997   1276
180.20000000000002   1277
180.20499999999998   1278
180.20499999999998   1279
180.21   1280
180.225   1281
180.225   1282
180.225   1283
180.225   1284
180.22999999999996   1285
180.22999999999996   1286
180.235   1287
180.235   1288
180.24499999999998   1289
180.24499999999998   1290
180.25   1291
180.25499999999997   1292
180.25499999999997   1293
180.26500000000001   1294
180.26500000000001   1295
180.26999999999998   1296
180.26999999999998   1297
180.26999999999998   1298
180.28   1299
180.3   1300
180.305   1301
180.305   1302
180.305   1303
180.32   1304
180.32   1305
180.325   1306
180.325   1307
180.33   1308
180.33   1309
180.33499999999998   1310
180.34   1311
180.345   1312
180.345   1313
180.345   1314
180.345   1315
180.345   1316
180.345   1317
180.345   1318
180.345   1319
180.34999999999997   1320
180.34999999999997   1321
180.355   1322
180.355   1323
180.36   1324
180.36   1325
180.36   1326
180.37   1327
180.38   1328
180.39   1329
180.395   1330
180.41   1331
180.41499999999996   1332
180.42000000000002   1333
180.42000000000002   1334
180.42000000000002   1335
180.42999999999998   1336
180.435   1337
180.44   1338
180.44499999999996   1339
180.44499999999996   1340
180.455   1341
180.46   1342
180.475   1343
180.48   1344
180.505   1345
180.52   1346
180.52499999999998   1347
180.52499999999998   1348
180.53   1349
180.54   1350
180.54500000000002   1351
180.54500000000002   1352
180.54500000000002   1353
180.555   1354
180.56   1355
180.56   1356
180.57999999999998   1357
180.58999999999997   1358
180.595   1359
180.595   1360
180.6   1361
180.6   1362
180.62   1363
180.62   1364
180.625   1365
180.625   1366
180.635   1367
180.64000000000001   1368
180.65   1369
180.655   1370
180.66   1371
180.67   1372
180.68   1373
180.68   1374
180.68   1375
180.68499999999997   1376
180.69   1377
180.7   1378
180.70999999999998   1379
180.70999999999998   1380
180.715   1381
180.73   1382
180.73   1383
180.735   1384
180.735   1385
180.73999999999998   1386
180.745   1387
180.745   1388
180.755   1389
180.77   1390
180.77   1391
180.79500000000002   1392
180.8   1393
180.80499999999998   1394
180.80499999999998   1395
180.81   1396
180.815   1397
180.815   1398
180.82500000000002   1399
180.84   1400
180.84   1401
180.85   1402
180.85999999999999   1403
180.865   1404
180.865   1405
180.86999999999998   1406
180.86999999999998   1407
180.875   1408
180.875   1409
180.88   1410
180.88   1411
180.88499999999996   1412
180.89000000000001   1413
180.905   1414
180.90999999999997   1415
180.93   1416
180.93   1417
180.935   1418
180.945   1419
180.955   1420
180.97   1421
180.97   1422
180.97999999999996   1423
180.97999999999996   1424
180.97999999999996   1425
180.97999999999996   1426
180.98999999999998   1427
181   1428
181.01   1429
181.02999999999997   1430
181.02999999999997   1431
181.035   1432
181.035   1433
181.035   1434
181.035   1435
181.05   1436
181.055   1437
181.05999999999997   1438
181.06999999999996   1439
181.08   1440
181.08499999999998   1441
181.08499999999998   1442
181.09   1443
181.105   1444
181.115   1445
181.115   1446
181.145   1447
181.14999999999998   1448
181.155   1449
181.155   1450
181.155   1451
181.195   1452
181.195   1453
181.20000000000002   1454
181.20499999999998   1455
181.21   1456
181.255   1457
181.25999999999996   1458
181.25999999999996   1459
181.29999999999998   1460
181.29999999999998   1461
181.32   1462
181.34999999999997   1463
181.36   1464
181.37   1465
181.37   1466
181.375   1467
181.37999999999997   1468
181.4   1469
181.43   1470
181.44499999999996   1471
181.45999999999998   1472
181.505   1473
181.55499999999998   1474
181.57999999999998   1475
181.585   1476
181.59499999999997   1477
181.615   1478
181.64499999999998   1479
181.655   1480
181.65999999999997   1481
181.72499999999997   1482
181.73999999999998   1483
181.73999999999998   1484
181.765   1485
181.765   1486
181.77   1487
181.77999999999997   1488
181.77999999999997   1489
181.8   1490
181.8   1491
181.80499999999998   1492
181.83   1493
181.895   1494
181.93   1495
181.93   1496
181.93999999999997   1497
181.945   1498
182.00499999999997   1499
182.025   1500
182.075   1501
182.085   1502
182.09999999999997   1503
182.11   1504
182.11   1505
182.15   1506
182.285   1507
182.29500000000002   1508
182.305   1509
182.32999999999998   1510
182.35499999999996   1511
182.405   1512
182.425   1513
182.445   1514
182.455   1515
182.48   1516
182.63   1517
182.68   1518
182.695   1519
182.76   1520
187.495   1521
187.56   1522
187.59   1523
187.6   1524
188.03499999999997   1525
188.05   1526
188.05   1527
188.29   1528
188.29999999999998   1529
188.305   1530
188.31499999999997   1531
188.32   1532
188.32   1533
188.32   1534
188.32500000000002   1535
188.33999999999997   1536
188.345   1537
188.35   1538
188.35499999999996   1539
188.36   1540
188.36   1541
188.375   1542
188.37999999999997   1543
188.39000000000001   1544
188.39499999999998   1545
188.43499999999997   1546
188.43499999999997   1547
188.445   1548
188.445   1549
188.445   1550
188.455   1551
188.465   1552
188.47499999999997   1553
188.48   1554
188.48999999999998   1555
188.48999999999998   1556
188.495   1557
188.495   1558
188.505   1559
188.51   1560
188.51   1561
188.51   1562
188.515   1563
188.52   1564
188.52999999999997   1565
188.52999999999997   1566
188.53999999999996   1567
188.55499999999998   1568
188.565   1569
188.565   1570
188.56999999999996   1571
188.56999999999996   1572
188.57500000000002   1573
188.57999999999998   1574
188.585   1575
188.59   1576
188.59499999999997   1577
188.605   1578
188.625   1579
188.625   1580
188.63   1581
188.63499999999996   1582
188.65999999999997   1583
188.665   1584
188.665   1585
188.67000000000002   1586
188.67000000000002   1587
188.68   1588
188.68   1589
188.685   1590
188.685   1591
188.685   1592
188.68999999999997   1593
188.695   1594
188.725   1595
188.735   1596
188.73999999999998   1597
188.76   1598
188.76500000000001   1599
188.76500000000001   1600
188.77999999999997   1601
188.785   1602
188.79   1603
188.795   1604
188.83   1605
188.83   1606
188.845   1607
188.84999999999997   1608
188.87499999999997   1609
188.87499999999997   1610
188.88   1611
188.885   1612
188.9   1613
188.9   1614
188.905   1615
188.91   1616
188.91499999999996   1617
188.925   1618
188.925   1619
188.935   1620
188.935   1621
188.93999999999997   1622
188.945   1623
188.95000000000002   1624
188.96   1625
188.97999999999996   1626
188.98499999999999   1627
189   1628
189   1629
189.02   1630
189.02499999999998   1631
189.03499999999997   1632
189.04500000000002   1633
189.04500000000002   1634
189.04999999999998   1635
189.08   1636
189.08   1637
189.085   1638
189.085   1639
189.08999999999997   1640
189.1   1641
189.105   1642
189.105   1643
189.11   1644
189.12   1645
189.12   1646
189.12   1647
189.12   1648
189.12   1649
189.12999999999997   1650
189.14499999999998   1651
189.15   1652
189.16   1653
189.17   1654
189.19   1655
189.19499999999996   1656
189.20000000000002   1657
189.205   1658
189.22   1659
189.22499999999997   1660
189.23499999999999   1661
189.23499999999999   1662
189.24999999999997   1663
189.24999999999997   1664
189.26   1665
189.26   1666
189.26   1667
189.26   1668
189.26   1669
189.28999999999996   1670
189.28999999999996   1671
189.28999999999996   1672
189.29500000000002   1673
189.29500000000002   1674
189.30499999999998   1675
189.30499999999998   1676
189.31   1677
189.31499999999997   1678
189.31499999999997   1679
189.335   1680
189.34499999999997   1681
189.34499999999997   1682
189.34499999999997   1683
189.35   1684
189.35   1685
189.36   1686
189.36   1687
189.36   1688
189.36   1689
189.365   1690
189.36999999999998   1691
189.38   1692
189.38   1693
189.39499999999998   1694
189.4   1695
189.405   1696
189.405   1697
189.40999999999997   1698
189.415   1699
189.42499999999998   1700
189.42499999999998   1701
189.43   1702
189.43499999999997   1703
189.445   1704
189.45   1705
189.45   1706
189.46   1707
189.485   1708
189.485   1709
189.48999999999998   1710
189.48999999999998   1711
189.495   1712
189.495   1713
189.5   1714
189.5   1715
189.5   1716
189.51500000000001   1717
189.52   1718
189.52   1719
189.52999999999997   1720
189.52999999999997   1721
189.54   1722
189.545   1723
189.545   1724
189.55   1725
189.55   1726
189.565   1727
189.56999999999996   1728
189.57500000000002   1729
189.57500000000002   1730
189.58499999999998   1731
189.59499999999997   1732
189.6   1733
189.605   1734
189.62   1735
189.62499999999997   1736
189.63   1737
189.63499999999996   1738
189.64   1739
189.64999999999998   1740
189.67999999999998   1741
189.695   1742
189.70000000000002   1743
189.71   1744
189.71   1745
189.71   1746
189.715   1747
189.72   1748
189.725   1749
189.74499999999998   1750
189.75499999999997   1751
189.76   1752
189.76500000000001   1753
189.76500000000001   1754
189.76999999999998   1755
189.775   1756
189.775   1757
189.775   1758
189.79   1759
189.80999999999997   1760
189.815   1761
189.82   1762
189.845   1763
189.845   1764
189.84999999999997   1765
189.885   1766
189.885   1767
189.89   1768
189.89   1769
189.895   1770
189.895   1771
189.91   1772
189.92   1773
189.925   1774
189.94   1775
189.94499999999996   1776
189.94499999999996   1777
189.94499999999996   1778
189.955   1779
189.955   1780
189.965   1781
189.975   1782
189.98   1783
189.99   1784
190.005   1785
190.005   1786
190.01500000000001   1787
190.02499999999998   1788
190.02499999999998   1789
190.03   1790
190.03   1791
190.035   1792
190.035   1793
190.04500000000002   1794
190.04999999999998   1795
190.04999999999998   1796
190.055   1797
190.055   1798
190.06   1799
190.06   1800
190.06   1801
190.06499999999997   1802
190.06499999999997   1803
190.07500000000002   1804
190.07999999999998   1805
190.085   1806
190.1   1807
190.10499999999996   1808
190.115   1809
190.11999999999998   1810
190.11999999999998   1811
190.135   1812
190.135   1813
190.14000000000001   1814
190.14000000000001   1815
190.15999999999997   1816
190.15999999999997   1817
190.165   1818
190.175   1819
190.195   1820
190.20999999999998   1821
190.215   1822
190.22   1823
190.22499999999997   1824
190.22499999999997   1825
190.22499999999997   1826
190.235   1827
190.235   1828
190.23999999999998   1829
190.24999999999997   1830
190.26   1831
190.27   1832
190.27   1833
190.285   1834
190.295   1835
190.3   1836
190.30499999999998   1837
190.31999999999996   1838
190.32500000000002   1839
190.33   1840
190.33   1841
190.33   1842
190.34499999999997   1843
190.34499999999997   1844
190.35999999999999   1845
190.35999999999999   1846
190.365   1847
190.365   1848
190.375   1849
190.38   1850
190.38   1851
190.39000000000001   1852
190.39000000000001   1853
190.39000000000001   1854
190.395   1855
190.405   1856
190.435   1857
190.485   1858
190.485   1859
190.49   1860
190.51   1861
190.51500000000001   1862
190.525   1863
190.525   1864
190.525   1865
190.53   1866
190.53   1867
190.53   1868
190.535   1869
190.54   1870
190.545   1871
190.555   1872
190.555   1873
190.55999999999997   1874
190.55999999999997   1875
190.55999999999997   1876
190.575   1877
190.58499999999998   1878
190.58499999999998   1879
190.61499999999998   1880
190.61499999999998   1881
190.61499999999998   1882
190.62   1883
190.62499999999997   1884
190.63   1885
190.63   1886
190.64   1887
190.65499999999997   1888
190.67000000000002   1889
190.67000000000002   1890
190.675   1891
190.67999999999998   1892
190.69   1893
190.69   1894
190.69499999999996   1895
190.71   1896
190.71   1897
190.725   1898
190.73   1899
190.73   1900
190.73499999999999   1901
190.74   1902
190.74   1903
190.75   1904
190.75999999999996   1905
190.75999999999996   1906
190.77   1907
190.79500000000002   1908
190.79999999999998   1909
190.805   1910
190.81499999999997   1911
190.825   1912
190.83   1913
190.835   1914
190.83999999999997   1915
190.86   1916
190.86499999999998   1917
190.87999999999997   1918
190.90499999999997   1919
190.915   1920
190.92   1921
190.93499999999997   1922
190.94   1923
190.94   1924
190.955   1925
190.955   1926
190.95999999999998   1927
190.965   1928
190.97   1929
190.98499999999999   1930
190.99999999999997   1931
191.005   1932
191.01   1933
191.02   1934
191.04500000000002   1935
191.06   1936
191.09499999999997   1937
191.1   1938
191.10499999999996   1939
191.10999999999999   1940
191.115   1941
191.13   1942
191.145   1943
191.15   1944
191.155   1945
191.195   1946
191.195   1947
191.2   1948
191.205   1949
191.205   1950
191.205   1951
191.21499999999997   1952
191.235   1953
191.285   1954
191.29   1955
191.31999999999996   1956
191.34   1957
191.345   1958
191.35500000000002   1959
191.35999999999999   1960
191.37   1961
191.37499999999997   1962
191.38   1963
191.39   1964
191.405   1965
191.405   1966
191.41   1967
191.425   1968
191.43999999999997   1969
191.45499999999998   1970
191.46   1971
191.49   1972
191.5   1973
191.51999999999998   1974
191.51999999999998   1975
191.51999999999998   1976
191.53499999999997   1977
191.53499999999997   1978
191.54   1979
191.65   1980
191.65499999999997   1981
191.67999999999998   1982
191.765   1983
191.785   1984
191.905   1985
191.915   1986
191.955   1987
191.97499999999997   1988
191.985   1989
191.98999999999998   1990
192   1991
192.05499999999998   1992
192.12   1993
192.13   1994
192.13   1995
192.16   1996
192.195   1997
192.20000000000002   1998
192.20499999999998   1999
192.21499999999997   2000
192.225   2001
192.3   2002
192.3   2003
192.38   2004
192.42000000000002   2005
192.505   2006
192.53499999999997   2007
192.57   2008
192.57500000000002   2009
192.595   2010
192.635   2011
192.67   2012
192.68   2013
192.68499999999997   2014
192.69499999999996   2015
192.705   2016
192.715   2017
192.73000000000002   2018
192.76   2019
192.76   2020
192.77   2021
192.80499999999998   2022
192.875   2023
193.00499999999997   2024
193.44   2025
199.40499999999997   2026
199.415   2027
199.425   2028
199.425   2029
199.435   2030
199.435   2031
199.465   2032
199.475   2033
199.495   2034
199.505   2035
199.54500000000002   2036
199.59   2037
199.59499999999997   2038
199.59499999999997   2039
199.59499999999997   2040
199.605   2041
199.61   2042
199.61999999999998   2043
199.625   2044
199.64000000000001   2045
199.64499999999998   2046
199.68499999999997   2047
199.69   2048
199.7   2049
199.77   2050
199.80499999999998   2051
199.83499999999998   2052
199.93   2053
200.00499999999997   2054
200.095   2055
200.135   2056
200.17999999999998   2057
200.20999999999998   2058
200.31499999999997   2059
200.31499999999997   2060
200.32500000000002   2061
200.32500000000002   2062
200.33999999999997   2063
200.33999999999997   2064
200.36   2065
200.36   2066
200.39000000000001   2067
200.40999999999997   2068
200.40999999999997   2069
200.43499999999997   2070
200.44499999999996   2071
200.45999999999998   2072
200.48000000000002   2073
200.48999999999998   2074
200.49999999999997   2075
200.505   2076
200.51   2077
200.525   2078
200.52999999999997   2079
200.535   2080
200.535   2081
200.53999999999996   2082
200.53999999999996   2083
200.54500000000002   2084
200.565   2085
200.565   2086
200.56999999999996   2087
200.59   2088
200.59   2089
200.59499999999997   2090
200.6   2091
200.6   2092
200.60500000000002   2093
200.60999999999999   2094
200.60999999999999   2095
200.63   2096
200.63499999999996   2097
200.655   2098
200.67000000000002   2099
200.685   2100
200.71   2101
200.71   2102
200.71499999999997   2103
200.73999999999998   2104
200.73999999999998   2105
200.75   2106
200.76   2107
200.76   2108
200.76500000000001   2109
200.76500000000001   2110
200.785   2111
200.785   2112
200.79   2113
200.795   2114
200.81999999999996   2115
200.81999999999996   2116
200.825   2117
200.83   2118
200.85500000000002   2119
200.865   2120
200.865   2121
200.87499999999997   2122
200.885   2123
200.885   2124
200.885   2125
200.895   2126
200.905   2127
200.905   2128
200.91499999999996   2129
200.92000000000002   2130
200.92000000000002   2131
200.95499999999998   2132
200.95499999999998   2133
200.98000000000002   2134
200.98000000000002   2135
200.98499999999999   2136
200.99   2137
200.99499999999998   2138
201.02   2139
201.02499999999998   2140
201.03   2141
201.03499999999997   2142
201.04   2143
201.04   2144
201.04500000000002   2145
201.04999999999998   2146
201.055   2147
201.085   2148
201.095   2149
201.095   2150
201.09999999999997   2151
201.11499999999998   2152
201.12   2153
201.12   2154
201.135   2155
201.15   2156
201.16   2157
201.18   2158
201.18   2159
201.19   2160
201.19499999999996   2161
201.19499999999996   2162
201.22   2163
201.23000000000002   2164
201.23000000000002   2165
201.24   2166
201.245   2167
201.245   2168
201.245   2169
201.24999999999997   2170
201.27   2171
201.27499999999998   2172
201.28   2173
201.28   2174
201.29500000000002   2175
201.3   2176
201.3   2177
201.30499999999998   2178
201.30499999999998   2179
201.30499999999998   2180
201.31499999999997   2181
201.32   2182
201.32   2183
201.32   2184
201.32500000000002   2185
201.32999999999998   2186
201.32999999999998   2187
201.34   2188
201.355   2189
201.355   2190
201.375   2191
201.375   2192
201.375   2193
201.38   2194
201.38   2195
201.39000000000001   2196
201.405   2197
201.415   2198
201.415   2199
201.415   2200
201.415   2201
201.42000000000002   2202
201.42499999999998   2203
201.44   2204
201.455   2205
201.455   2206
201.455   2207
201.455   2208
201.46   2209
201.46   2210
201.46499999999997   2211
201.46499999999997   2212
201.47   2213
201.48000000000002   2214
201.48000000000002   2215
201.485   2216
201.495   2217
201.495   2218
201.495   2219
201.5   2220
201.50499999999997   2221
201.51   2222
201.515   2223
201.52   2224
201.535   2225
201.56   2226
201.565   2227
201.565   2228
201.57500000000002   2229
201.58   2230
201.59   2231
201.59499999999997   2232
201.59499999999997   2233
201.59499999999997   2234
201.6   2235
201.60999999999999   2236
201.615   2237
201.62   2238
201.63499999999996   2239
201.64999999999998   2240
201.67000000000002   2241
201.67499999999998   2242
201.67999999999998   2243
201.67999999999998   2244
201.695   2245
201.70000000000002   2246
201.70000000000002   2247
201.70000000000002   2248
201.70000000000002   2249
201.73   2250
201.73   2251
201.735   2252
201.735   2253
201.76   2254
201.76   2255
201.76999999999998   2256
201.76999999999998   2257
201.76999999999998   2258
201.775   2259
201.775   2260
201.78   2261
201.78499999999997   2262
201.78499999999997   2263
201.79   2264
201.79999999999998   2265
201.805   2266
201.80999999999997   2267
201.815   2268
201.815   2269
201.82   2270
201.82   2271
201.845   2272
201.845   2273
201.87499999999997   2274
201.87499999999997   2275
201.87499999999997   2276
201.87999999999997   2277
201.885   2278
201.89   2279
201.91   2280
201.91499999999996   2281
201.91499999999996   2282
201.92999999999998   2283
201.94499999999996   2284
201.94499999999996   2285
201.955   2286
201.955   2287
201.955   2288
201.95999999999998   2289
201.95999999999998   2290
201.95999999999998   2291
201.95999999999998   2292
201.965   2293
201.96999999999997   2294
201.99   2295
201.99999999999997   2296
202.03   2297
202.03   2298
202.035   2299
202.03999999999996   2300
202.055   2301
202.06   2302
202.06499999999997   2303
202.07   2304
202.07500000000002   2305
202.1   2306
202.125   2307
202.14499999999998   2308
202.14499999999998   2309
202.165   2310
202.175   2311
202.18   2312
202.195   2313
202.2   2314
202.215   2315
202.22499999999997   2316
202.245   2317
202.245   2318
202.245   2319
202.255   2320
202.255   2321
202.26   2322
202.27999999999997   2323
202.27999999999997   2324
202.27999999999997   2325
202.27999999999997   2326
202.285   2327
202.295   2328
202.315   2329
202.32500000000002   2330
202.32999999999998   2331
202.32999999999998   2332
202.35   2333
202.35500000000002   2334
202.35500000000002   2335
202.35999999999999   2336
202.375   2337
202.38499999999996   2338
202.39000000000001   2339
202.39999999999998   2340
202.405   2341
202.42499999999998   2342
202.46   2343
202.475   2344
202.51   2345
202.51999999999998   2346
202.52999999999997   2347
202.535   2348
202.555   2349
202.555   2350
202.575   2351
202.58499999999998   2352
202.59999999999997   2353
202.60500000000002   2354
202.62   2355
202.62   2356
202.63   2357
202.65499999999997   2358
202.65499999999997   2359
202.67999999999998   2360
202.70499999999998   2361
202.715   2362
202.725   2363
202.74499999999998   2364
202.82   2365
202.825   2366
202.855   2367
202.875   2368
202.87999999999997   2369
202.90499999999997   2370
202.91   2371
202.92   2372
202.94499999999996   2373
202.97   2374
203.005   2375
203.015   2376
203.06   2377
203.06   2378
203.07500000000002   2379
203.085   2380
203.085   2381
203.09499999999997   2382
203.115   2383
203.125   2384
203.13499999999996   2385
203.14000000000001   2386
203.14499999999998   2387
203.15   2388
203.165   2389
203.18   2390
203.19   2391
203.19   2392
203.21   2393
203.25499999999997   2394
203.26500000000001   2395
203.27999999999997   2396
203.30499999999998   2397
203.30499999999998   2398
203.30999999999997   2399
203.315   2400
203.31999999999996   2401
203.35   2402
203.37499999999997   2403
203.38   2404
203.38499999999996   2405
203.39   2406
203.395   2407
203.39999999999998   2408
203.39999999999998   2409
203.405   2410
203.425   2411
203.45499999999998   2412
203.465   2413
203.48   2414
203.485   2415
203.485   2416
203.50999999999996   2417
203.55999999999997   2418
203.575   2419
203.58   2420
203.62999999999997   2421
203.635   2422
203.64   2423
203.67   2424
203.675   2425
203.675   2426
203.685   2427
203.70000000000002   2428
203.705   2429
203.705   2430
203.715   2431
203.715   2432
203.73000000000002   2433
203.745   2434
203.76500000000001   2435
203.785   2436
203.79999999999998   2437
203.82999999999998   2438
203.86   2439
203.86   2440
203.87999999999997   2441
203.885   2442
203.89499999999998   2443
203.905   2444
203.905   2445
203.905   2446
203.915   2447
203.95999999999998   2448
204.015   2449
204.05   2450
204.05499999999998   2451
204.065   2452
204.06999999999996   2453
204.08499999999998   2454
204.10999999999999   2455
204.13   2456
204.13499999999996   2457
204.13499999999996   2458
204.21   2459
204.21   2460
204.26500000000001   2461
204.36499999999998   2462
204.395   2463
204.40499999999997   2464
204.42999999999998   2465
204.505   2466
204.705   2467
204.76   2468
204.77   2469
204.80499999999998   2470
204.84   2471
204.995   2472
205.095   2473
205.12   2474
205.135   2475
205.17999999999998   2476
205.185   2477
205.23   2478
205.26500000000001   2479
205.26500000000001   2480
205.26999999999998   2481
205.315   2482
205.33999999999997   2483
205.40499999999997   2484
205.42   2485
205.50999999999996   2486
205.57999999999998   2487
205.615   2488
213.17   2489
213.31499999999997   2490
213.32   2491
213.36999999999998   2492
214.205   2493
214.215   2494
214.23999999999998   2495
214.245   2496
214.24999999999997   2497
214.27   2498
214.29500000000002   2499
214.30499999999998   2500
214.315   2501
214.32500000000002   2502
214.32999999999998   2503
214.34499999999997   2504
214.34499999999997   2505
214.34499999999997   2506
214.35   2507
214.35500000000002   2508
214.35999999999999   2509
214.365   2510
214.375   2511
214.375   2512
214.375   2513
214.375   2514
214.375   2515
214.375   2516
214.38499999999996   2517
214.395   2518
214.39999999999998   2519
214.415   2520
214.415   2521
214.415   2522
214.43   2523
214.435   2524
214.43999999999997   2525
214.46499999999997   2526
214.47   2527
214.475   2528
214.48   2529
214.5   2530
214.5   2531
214.50499999999997   2532
214.535   2533
214.545   2534
214.555   2535
214.555   2536
214.56999999999996   2537
214.56999999999996   2538
214.575   2539
214.59   2540
214.595   2541
214.61499999999998   2542
214.61499999999998   2543
214.62499999999997   2544
214.63   2545
214.635   2546
214.64   2547
214.65499999999997   2548
214.67999999999998   2549
214.67999999999998   2550
214.68999999999997   2551
214.68999999999997   2552
214.725   2553
214.73000000000002   2554
214.73000000000002   2555
214.74   2556
214.74   2557
214.74499999999998   2558
214.755   2559
214.76500000000001   2560
214.77499999999998   2561
214.78   2562
214.805   2563
214.80999999999997   2564
214.845   2565
214.875   2566
214.875   2567
214.87999999999997   2568
214.89499999999998   2569
214.90499999999997   2570
214.93   2571
214.93499999999997   2572
214.93499999999997   2573
214.965   2574
214.97   2575
214.98499999999999   2576
215.005   2577
215.01   2578
215.035   2579
215.035   2580
215.07   2581
215.085   2582
215.09   2583
215.09499999999997   2584
215.195   2585
215.245   2586
215.245   2587
215.265   2588
215.265   2589
215.26999999999998   2590
215.275   2591
215.275   2592
215.29   2593
215.29   2594
215.295   2595
215.295   2596
215.295   2597
215.3   2598
215.30499999999998   2599
215.30999999999997   2600
215.315   2601
215.31999999999996   2602
215.32500000000002   2603
215.33   2604
215.33499999999998   2605
215.33499999999998   2606
215.35500000000002   2607
215.365   2608
215.38   2609
215.38   2610
215.39999999999998   2611
215.41499999999996   2612
215.41499999999996   2613
215.42499999999998   2614
215.435   2615
215.435   2616
215.43999999999997   2617
215.445   2618
215.45499999999998   2619
215.46499999999997   2620
215.46999999999997   2621
215.475   2622
215.49   2623
215.49499999999998   2624
215.49499999999998   2625
215.49499999999998   2626
215.5   2627
215.50499999999997   2628
215.50999999999996   2629
215.51999999999998   2630
215.54999999999998   2631
215.585   2632
215.60500000000002   2633
215.60500000000002   2634
215.61   2635
215.61499999999998   2636
215.61499999999998   2637
215.62   2638
215.62999999999997   2639
215.635   2640
215.66   2641
215.66499999999996   2642
215.685   2643
215.70000000000002   2644
215.705   2645
215.705   2646
215.715   2647
215.71999999999997   2648
215.725   2649
215.725   2650
215.73000000000002   2651
215.73000000000002   2652
215.74   2653
215.74   2654
215.74   2655
215.79500000000002   2656
215.81   2657
215.81499999999997   2658
215.865   2659
215.86999999999998   2660
215.875   2661
215.87999999999997   2662
215.905   2663
215.90999999999997   2664
215.93   2665
215.93   2666
215.93499999999997   2667
215.93499999999997   2668
215.945   2669
215.97   2670
215.97   2671
215.97499999999997   2672
215.98000000000002   2673
215.98000000000002   2674
216.005   2675
216.035   2676
216.045   2677
216.045   2678
216.065   2679
216.12499999999997   2680
216.14999999999998   2681
216.17499999999998   2682
216.18999999999997   2683
216.21499999999997   2684
216.22   2685
216.225   2686
216.25499999999997   2687
216.26500000000001   2688
216.275   2689
216.28499999999997   2690
216.29   2691
216.295   2692
216.295   2693
216.3   2694
216.3   2695
216.30999999999997   2696
216.33   2697
216.33   2698
216.36   2699
216.36499999999998   2700
216.37   2701
216.38   2702
216.38   2703
216.38   2704
216.39   2705
216.39   2706
216.39   2707
216.395   2708
216.42000000000002   2709
216.42999999999998   2710
216.42999999999998   2711
216.44499999999996   2712
216.44499999999996   2713
216.45000000000002   2714
216.45499999999998   2715
216.46   2716
216.46999999999997   2717
216.475   2718
216.475   2719
216.48499999999999   2720
216.48499999999999   2721
216.48499999999999   2722
216.49   2723
216.49   2724
216.49499999999998   2725
216.49499999999998   2726
216.5   2727
216.5   2728
216.505   2729
216.50999999999996   2730
216.52499999999998   2731
216.53499999999997   2732
216.53499999999997   2733
216.53499999999997   2734
216.555   2735
216.555   2736
216.56499999999997   2737
216.57   2738
216.575   2739
216.575   2740
216.58999999999997   2741
216.6   2742
216.61499999999998   2743
216.625   2744
216.625   2745
216.62999999999997   2746
216.65499999999997   2747
216.66   2748
216.66   2749
216.66   2750
216.665   2751
216.67   2752
216.68   2753
216.72499999999997   2754
216.72499999999997   2755
216.72499999999997   2756
216.78   2757
216.78999999999996   2758
216.82   2759
216.82   2760
216.82999999999998   2761
216.82999999999998   2762
216.84   2763
216.84   2764
216.84499999999997   2765
216.865   2766
216.86999999999998   2767
216.88   2768
216.88   2769
216.89999999999998   2770
216.905   2771
216.90999999999997   2772
216.92000000000002   2773
216.92499999999998   2774
216.93   2775
216.95   2776
216.96499999999997   2777
216.97499999999997   2778
216.98   2779
216.98   2780
216.985   2781
216.98999999999998   2782
216.98999999999998   2783
216.995   2784
217.025   2785
217.025   2786
217.045   2787
217.05   2788
217.05   2789
217.055   2790
217.07500000000002   2791
217.10999999999999   2792
217.115   2793
217.12   2794
217.145   2795
217.145   2796
217.16499999999996   2797
217.17000000000002   2798
217.185   2799
217.185   2800
217.20000000000002   2801
217.20000000000002   2802
217.21   2803
217.225   2804
217.24   2805
217.24   2806
217.255   2807
217.26500000000001   2808
217.275   2809
217.29999999999998   2810
217.29999999999998   2811
217.32   2812
217.32   2813
217.325   2814
217.33   2815
217.345   2816
217.345   2817
217.345   2818
217.355   2819
217.355   2820
217.36   2821
217.36499999999998   2822
217.36499999999998   2823
217.375   2824
217.385   2825
217.39   2826
217.425   2827
217.455   2828
217.475   2829
217.495   2830
217.50999999999996   2831
217.52499999999998   2832
217.56499999999997   2833
217.56499999999997   2834
217.57   2835
217.57500000000002   2836
217.57500000000002   2837
217.57999999999998   2838
217.58999999999997   2839
217.59499999999997   2840
217.625   2841
217.635   2842
217.64000000000001   2843
217.65   2844
217.655   2845
217.70999999999998   2846
217.71499999999997   2847
217.745   2848
217.74999999999997   2849
217.75499999999997   2850
217.76   2851
217.775   2852
217.785   2853
217.78999999999996   2854
217.78999999999996   2855
217.80499999999998   2856
217.81   2857
217.815   2858
217.84499999999997   2859
217.88   2860
217.89000000000001   2861
217.93999999999997   2862
217.95000000000002   2863
217.95499999999998   2864
217.975   2865
217.98   2866
217.99499999999998   2867
217.99499999999998   2868
218.00499999999997   2869
218.01   2870
218.055   2871
218.09999999999997   2872
218.13   2873
218.145   2874
218.145   2875
218.145   2876
218.16   2877
218.16499999999996   2878
218.16499999999996   2879
218.175   2880
218.185   2881
218.215   2882
218.21999999999997   2883
218.24499999999998   2884
218.27   2885
218.29500000000002   2886
218.31   2887
218.36   2888
218.375   2889
218.385   2890
218.42   2891
218.43499999999997   2892
218.44   2893
218.44499999999996   2894
218.465   2895
218.47   2896
218.49999999999997   2897
218.52   2898
218.55   2899
218.57999999999998   2900
218.61999999999998   2901
218.625   2902
218.63   2903
218.68999999999997   2904
218.695   2905
218.695   2906
218.705   2907
218.705   2908
218.72499999999997   2909
218.72499999999997   2910
218.73   2911
218.79   2912
218.805   2913
218.81999999999996   2914
218.825   2915
218.825   2916
218.825   2917
218.84   2918
218.91   2919
218.92999999999998   2920
218.935   2921
218.945   2922
218.96999999999997   2923
218.98   2924
219.05999999999997   2925
219.05999999999997   2926
219.08999999999997   2927
219.11   2928
219.12999999999997   2929
219.14499999999998   2930
219.16   2931
219.17999999999998   2932
219.20000000000002   2933
219.205   2934
219.215   2935
219.23499999999999   2936
219.255   2937
219.38499999999996   2938
219.4   2939
219.405   2940
219.43   2941
219.44   2942
219.46499999999997   2943
219.55499999999998   2944
219.59   2945
219.71   2946
219.79999999999998   2947
219.94   2948
219.94499999999996   2949
219.98000000000002   2950
220.00999999999996   2951
220.07500000000002   2952
220.105   2953
220.70000000000002   2954
220.725   2955
220.83999999999997   2956
221.085   2957
221.35   2958
221.445   2959
221.58999999999997   2960
231.775   2961
231.78   2962
231.79   2963
231.87   2964
231.90499999999997   2965
231.92999999999998   2966
231.935   2967
231.95000000000002   2968
231.965   2969
231.98499999999999   2970
231.99499999999998   2971
232.11   2972
232.11499999999998   2973
232.125   2974
232.165   2975
232.265   2976
232.3   2977
232.63   2978
232.98499999999999   2979
232.995   2980
233.00999999999996   2981
233.02   2982
233.035   2983
233.035   2984
233.03999999999996   2985
233.07   2986
233.07500000000002   2987
233.07999999999998   2988
233.085   2989
233.085   2990
233.1   2991
233.105   2992
233.105   2993
233.11   2994
233.11   2995
233.115   2996
233.11999999999998   2997
233.12999999999997   2998
233.14000000000001   2999
233.14000000000001   3000
233.15   3001
233.15999999999997   3002
233.165   3003
233.165   3004
233.17000000000002   3005
233.18499999999997   3006
233.18499999999997   3007
233.19   3008
233.21   3009
233.21499999999997   3010
233.21499999999997   3011
233.22   3012
233.23999999999998   3013
233.245   3014
233.245   3015
233.265   3016
233.315   3017
233.32500000000002   3018
233.33   3019
233.34   3020
233.34   3021
233.34499999999997   3022
233.35999999999999   3023
233.35999999999999   3024
233.37499999999997   3025
233.38499999999996   3026
233.405   3027
233.405   3028
233.42000000000002   3029
233.435   3030
233.435   3031
233.43999999999997   3032
233.45000000000002   3033
233.485   3034
233.49499999999998   3035
233.51500000000001   3036
233.51500000000001   3037
233.525   3038
233.53499999999997   3039
233.545   3040
233.58499999999998   3041
233.62   3042
233.65   3043
233.66499999999996   3044
233.70499999999998   3045
233.715   3046
233.725   3047
233.74499999999998   3048
233.755   3049
233.75999999999996   3050
233.76500000000001   3051
233.76500000000001   3052
233.79500000000002   3053
233.79500000000002   3054
233.82500000000002   3055
233.83999999999997   3056
233.85   3057
233.855   3058
233.86   3059
233.9   3060
233.905   3061
233.925   3062
233.93499999999997   3063
233.93499999999997   3064
233.93499999999997   3065
233.94   3066
233.95   3067
233.95999999999998   3068
233.95999999999998   3069
233.98000000000002   3070
234.005   3071
234.02999999999997   3072
234.05   3073
234.05   3074
234.05499999999998   3075
234.09499999999997   3076
234.11999999999998   3077
234.14000000000001   3078
234.14999999999998   3079
234.155   3080
234.185   3081
234.20499999999998   3082
234.24499999999998   3083
234.25   3084
234.25499999999997   3085
234.27999999999997   3086
234.29   3087
234.3   3088
234.315   3089
234.315   3090
234.31999999999996   3091
234.325   3092
234.35999999999999   3093
234.35999999999999   3094
234.36499999999998   3095
234.36499999999998   3096
234.36499999999998   3097
234.37   3098
234.38   3099
234.385   3100
234.385   3101
234.385   3102
234.39   3103
234.395   3104
234.395   3105
234.39999999999998   3106
234.40499999999997   3107
234.40499999999997   3108
234.41499999999996   3109
234.41499999999996   3110
234.42999999999998   3111
234.43999999999997   3112
234.44499999999996   3113
234.45000000000002   3114
234.45499999999998   3115
234.475   3116
234.48499999999999   3117
234.49499999999998   3118
234.505   3119
234.51500000000001   3120
234.52   3121
234.53   3122
234.54999999999998   3123
234.55999999999997   3124
234.56499999999997   3125
234.58999999999997   3126
234.64499999999998   3127
234.67   3128
234.67   3129
234.675   3130
234.68499999999997   3131
234.7   3132
234.7   3133
234.72499999999997   3134
234.73499999999999   3135
234.745   3136
234.745   3137
234.745   3138
234.74999999999997   3139
234.755   3140
234.75999999999996   3141
234.765   3142
234.785   3143
234.785   3144
234.785   3145
234.8   3146
234.80499999999998   3147
234.80499999999998   3148
234.81   3149
234.82   3150
234.82500000000002   3151
234.82999999999998   3152
234.835   3153
234.85   3154
234.85999999999999   3155
234.85999999999999   3156
234.85999999999999   3157
234.865   3158
234.88499999999996   3159
234.89000000000001   3160
234.89000000000001   3161
234.89000000000001   3162
234.90999999999997   3163
234.92499999999998   3164
234.95   3165
234.955   3166
234.955   3167
234.97   3168
234.98999999999998   3169
235.01   3170
235.01999999999998   3171
235.045   3172
235.045   3173
235.05499999999998   3174
235.05999999999997   3175
235.06999999999996   3176
235.06999999999996   3177
235.09   3178
235.10500000000002   3179
235.115   3180
235.12499999999997   3181
235.13499999999996   3182
235.14   3183
235.145   3184
235.16   3185
235.17000000000002   3186
235.185   3187
235.21499999999997   3188
235.21499999999997   3189
235.21999999999997   3190
235.225   3191
235.235   3192
235.24   3193
235.25499999999997   3194
235.29   3195
235.315   3196
235.345   3197
235.34999999999997   3198
235.355   3199
235.37499999999997   3200
235.4   3201
235.4   3202
235.425   3203
235.42999999999998   3204
235.435   3205
235.44499999999996   3206
235.45999999999998   3207
235.45999999999998   3208
235.465   3209
235.49   3210
235.49   3211
235.49999999999997   3212
235.53   3213
235.54999999999998   3214
235.54999999999998   3215
235.56499999999997   3216
235.57999999999998   3217
235.595   3218
235.6   3219
235.61999999999998   3220
235.64000000000001   3221
235.64000000000001   3222
235.65   3223
235.65999999999997   3224
235.695   3225
235.71499999999997   3226
235.735   3227
235.745   3228
235.745   3229
235.745   3230
235.745   3231
235.74999999999997   3232
235.765   3233
235.775   3234
235.77999999999997   3235
235.785   3236
235.785   3237
235.78999999999996   3238
235.81   3239
235.82999999999998   3240
235.82999999999998   3241
235.83499999999998   3242
235.84   3243
235.84499999999997   3244
235.85   3245
235.85999999999999   3246
235.865   3247
235.87499999999997   3248
235.89000000000001   3249
235.905   3250
235.905   3251
235.92000000000002   3252
235.93999999999997   3253
235.945   3254
235.96   3255
235.98999999999998   3256
235.99499999999998   3257
236.00499999999997   3258
236.01   3259
236.01500000000001   3260
236.05   3261
236.055   3262
236.075   3263
236.08499999999998   3264
236.095   3265
236.10500000000002   3266
236.11499999999998   3267
236.12   3268
236.13   3269
236.16499999999996   3270
236.16499999999996   3271
236.175   3272
236.18999999999997   3273
236.21   3274
236.215   3275
236.215   3276
236.21999999999997   3277
236.225   3278
236.25   3279
236.26500000000001   3280
236.29500000000002   3281
236.29500000000002   3282
236.31499999999997   3283
236.36499999999998   3284
236.36999999999998   3285
236.375   3286
236.39000000000001   3287
236.40499999999997   3288
236.415   3289
236.425   3290
236.465   3291
236.47499999999997   3292
236.47499999999997   3293
236.48000000000002   3294
236.48999999999998   3295
236.48999999999998   3296
236.515   3297
236.535   3298
236.53999999999996   3299
236.59   3300
236.61999999999998   3301
236.64000000000001   3302
236.64999999999998   3303
236.665   3304
236.68   3305
236.68   3306
236.7   3307
236.745   3308
236.75499999999997   3309
236.76   3310
236.76999999999998   3311
236.785   3312
236.79   3313
236.795   3314
236.8   3315
236.815   3316
236.84999999999997   3317
236.85999999999999   3318
236.87499999999997   3319
236.88499999999996   3320
236.91   3321
236.91499999999996   3322
236.925   3323
236.925   3324
236.92999999999998   3325
236.935   3326
236.945   3327
236.96   3328
236.965   3329
236.96999999999997   3330
236.98499999999999   3331
237.00499999999997   3332
237.01500000000001   3333
237.055   3334
237.07   3335
237.075   3336
237.075   3337
237.075   3338
237.12   3339
237.14499999999998   3340
237.15   3341
237.15499999999997   3342
237.15499999999997   3343
237.165   3344
237.175   3345
237.18499999999997   3346
237.19499999999996   3347
237.20000000000002   3348
237.20000000000002   3349
237.20000000000002   3350
237.22499999999997   3351
237.24999999999997   3352
237.28   3353
237.285   3354
237.28999999999996   3355
237.30499999999998   3356
237.34499999999997   3357
237.36   3358
237.36   3359
237.365   3360
237.38499999999996   3361
237.39499999999998   3362
237.42499999999998   3363
237.42499999999998   3364
237.445   3365
237.445   3366
237.48999999999998   3367
237.515   3368
237.525   3369
237.565   3370
237.59   3371
237.59499999999997   3372
237.62499999999997   3373
237.63499999999996   3374
237.655   3375
237.65999999999997   3376
237.685   3377
237.695   3378
237.725   3379
237.74499999999998   3380
237.75   3381
237.79   3382
237.79999999999998   3383
237.815   3384
237.83   3385
237.84999999999997   3386
237.85500000000002   3387
237.87499999999997   3388
237.895   3389
238.005   3390
238.06   3391
238.07999999999998   3392
238.15999999999997   3393
238.18   3394
238.245   3395
238.28999999999996   3396
238.29500000000002   3397
238.365   3398
238.39999999999998   3399
238.485   3400
238.52999999999997   3401
238.535   3402
238.57999999999998   3403
238.605   3404
238.625   3405
238.64   3406
238.65499999999997   3407
238.68499999999997   3408
238.69   3409
238.72499999999997   3410
238.74499999999998   3411
238.755   3412
238.76999999999998   3413
238.78999999999996   3414
238.805   3415
238.815   3416
238.82500000000002   3417
238.83499999999998   3418
238.945   3419
239.01   3420
239.01500000000001   3421
239.08   3422
239.08999999999997   3423
239.11   3424
239.185   3425
239.23000000000002   3426
239.25499999999997   3427
239.27   3428
239.30499999999998   3429
239.38499999999996   3430
239.405   3431
239.43499999999997   3432
239.53   3433
239.53499999999997   3434
239.62499999999997   3435
239.71499999999997   3436
239.73499999999999   3437
239.78999999999996   3438
239.98999999999998   3439
240.14499999999998   3440
240.15   3441
240.175   3442
240.255   3443
