342.465   1
342.47   2
342.48   3
342.48499999999996   4
342.495   5
342.495   6
342.49999999999994   7
342.51   8
342.51   9
342.52   10
342.535   11
342.54   12
342.54   13
342.56499999999994   14
342.57   15
342.575   16
342.575   17
342.575   18
342.59499999999997   19
342.59499999999997   20
342.6   21
342.62499999999994   22
342.62999999999994   23
342.635   24
342.635   25
342.6449999999999   26
342.65500000000003   27
342.68999999999994   28
342.7099999999999   29
342.72   30
342.735   31
342.745   32
342.75   33
342.765   34
342.77500000000003   35
342.8   36
342.8   37
342.81   38
342.815   39
342.83   40
342.83   41
342.84000000000003   42
342.84999999999997   43
342.88   44
342.895   45
342.9   46
342.9   47
342.90500000000003   48
342.91   49
342.91499999999996   50
342.92   51
342.92999999999995   52
342.935   53
342.94999999999993   54
342.99   55
343.00999999999993   56
343.015   57
343.02   58
343.025   59
343.04499999999996   60
343.04499999999996   61
343.05   62
343.05999999999995   63
343.05999999999995   64
343.08   65
343.09   66
343.10499999999996   67
343.10499999999996   68
343.12   69
343.135   70
343.135   71
343.155   72
343.155   73
343.155   74
343.16   75
343.165   76
343.18499999999995   77
343.225   78
343.23499999999996   79
343.27500000000003   80
343.295   81
343.325   82
343.3299999999999   83
343.34499999999997   84
343.34499999999997   85
343.34499999999997   86
343.35   87
343.355   88
343.36499999999995   89
343.385   90
343.39   91
343.3949999999999   92
343.40999999999997   93
343.4599999999999   94
343.48999999999995   95
343.5   96
343.50499999999994   97
343.545   98
343.55   99
343.565   100
343.605   101
343.64   102
343.66499999999996   103
343.715   104
343.75999999999993   105
343.785   106
343.785   107
343.79499999999996   108
343.8   109
343.805   110
343.815   111
343.815   112
343.82   113
343.82499999999993   114
343.83   115
343.84   116
343.865   117
343.87   118
343.87499999999994   119
343.87499999999994   120
343.91   121
343.91   122
343.915   123
343.915   124
343.91999999999996   125
343.93   126
343.935   127
343.935   128
343.945   129
343.95   130
343.95   131
343.9549999999999   132
343.9549999999999   133
343.96   134
343.96500000000003   135
343.96500000000003   136
343.96999999999997   137
343.99   138
343.995   139
343.995   140
344.07   141
344.07   142
344.07   143
344.075   144
344.075   145
344.0799999999999   146
344.09000000000003   147
344.09000000000003   148
344.09499999999997   149
344.105   150
344.125   151
344.12999999999994   152
344.12999999999994   153
344.135   154
344.15500000000003   155
344.17   156
344.17499999999995   157
344.17499999999995   158
344.19   159
344.19499999999994   160
344.19499999999994   161
344.2   162
344.22   163
344.22499999999997   164
344.235   165
344.235   166
344.235   167
344.235   168
344.23999999999995   169
344.245   170
344.265   171
344.265   172
344.28000000000003   173
344.30499999999995   174
344.31   175
344.315   176
344.325   177
344.33   178
344.335   179
344.345   180
344.345   181
344.35   182
344.35   183
344.36   184
344.39   185
344.39   186
344.395   187
344.395   188
344.4   189
344.4   190
344.41   191
344.41499999999996   192
344.44   193
344.44999999999993   194
344.46   195
344.475   196
344.47999999999996   197
344.49499999999995   198
344.52   199
344.53   200
344.53   201
344.555   202
344.57   203
344.59   204
344.59   205
344.6   206
344.6   207
344.63   208
344.635   209
344.635   210
344.63999999999993   211
344.67499999999995   212
344.7049999999999   213
344.71   214
344.71   215
344.71500000000003   216
344.73499999999996   217
344.75   218
344.75499999999994   219
344.75499999999994   220
344.75499999999994   221
344.76   222
344.77500000000003   223
344.78000000000003   224
344.79   225
344.79999999999995   226
344.805   227
344.83   228
344.8349999999999   229
344.84000000000003   230
344.86   231
344.86499999999995   232
344.87999999999994   233
344.925   234
344.94   235
344.9599999999999   236
344.9599999999999   237
344.97499999999997   238
345.005   239
345.015   240
345.03000000000003   241
345.035   242
345.03999999999996   243
345.03999999999996   244
345.06   245
345.06999999999994   246
345.07499999999993   247
345.08   248
345.085   249
345.09   250
345.09   251
345.095   252
345.11999999999995   253
345.125   254
345.13499999999993   255
345.14   256
345.145   257
345.16   258
345.16   259
345.205   260
345.24   261
345.255   262
345.27500000000003   263
345.28   264
345.285   265
345.3299999999999   266
345.34499999999997   267
345.34499999999997   268
345.35   269
345.365   270
345.37499999999994   271
345.385   272
345.40999999999997   273
345.495   274
345.5   275
345.50499999999994   276
345.5199999999999   277
345.52500000000003   278
345.53000000000003   279
345.54999999999995   280
345.54999999999995   281
345.56   282
345.5849999999999   283
345.59000000000003   284
345.635   285
345.66499999999996   286
345.675   287
345.685   288
345.705   289
345.72499999999997   290
345.73   291
345.78999999999996   292
345.8   293
345.82   294
345.82499999999993   295
345.845   296
345.85   297
345.865   298
345.915   299
345.91999999999996   300
345.925   301
345.93   302
345.975   303
345.98499999999996   304
345.99   305
345.995   306
346.01   307
346.02500000000003   308
346.035   309
346.04499999999996   310
346.05   311
346.055   312
346.075   313
346.075   314
346.0799999999999   315
346.0799999999999   316
346.085   317
346.115   318
346.12   319
346.14   320
346.14   321
346.15000000000003   322
346.15500000000003   323
346.18   324
346.195   325
346.21500000000003   326
346.245   327
346.245   328
346.25   329
346.28000000000003   330
346.28499999999997   331
346.28499999999997   332
346.30499999999995   333
346.315   334
346.31999999999994   335
346.325   336
346.33   337
346.345   338
346.37   339
346.37   340
346.375   341
346.38499999999993   342
346.395   343
346.40500000000003   344
346.435   345
346.44499999999994   346
346.455   347
346.47   348
346.485   349
346.49   350
346.555   351
346.555   352
346.59   353
346.61   354
346.62499999999994   355
346.635   356
346.63999999999993   357
346.675   358
346.68   359
346.69999999999993   360
346.71999999999997   361
346.725   362
346.76   363
346.77   364
346.81   365
346.81   366
346.82   367
346.8299999999999   368
346.865   369
346.89   370
346.89   371
346.955   372
346.98   373
347   374
347.00499999999994   375
347.01   376
347.045   377
347.09000000000003   378
347.11999999999995   379
347.15   380
347.16   381
347.205   382
347.215   383
347.235   384
347.25999999999993   385
347.35499999999996   386
347.37   387
347.385   388
347.445   389
347.4549999999999   390
347.49   391
347.545   392
347.555   393
347.56499999999994   394
347.585   395
347.59499999999997   396
347.59499999999997   397
347.6   398
347.65999999999997   399
347.685   400
347.705   401
347.8   402
347.80499999999995   403
347.88499999999993   404
347.92999999999995   405
347.94999999999993   406
347.975   407
348   408
348.01   409
348.01   410
348.02500000000003   411
348.02500000000003   412
348.04499999999996   413
348.065   414
348.1   415
348.155   416
348.16999999999996   417
348.18999999999994   418
348.2   419
348.225   420
348.2699999999999   421
348.31499999999994   422
348.32   423
348.32   424
348.37   425
348.40999999999997   426
348.44499999999994   427
348.47499999999997   428
348.505   429
348.545   430
348.575   431
348.65   432
348.68   433
348.68499999999995   434
348.72   435
348.74   436
348.74999999999994   437
348.76   438
348.76499999999993   439
348.79499999999996   440
348.805   441
348.80999999999995   442
348.815   443
348.835   444
348.88999999999993   445
348.91   446
348.99   447
348.99   448
349.04   449
349.055   450
349.075   451
349.12999999999994   452
349.175   453
349.17999999999995   454
349.17999999999995   455
349.17999999999995   456
349.25   457
349.315   458
349.345   459
349.41   460
349.425   461
349.475   462
349.54   463
349.59499999999997   464
349.59499999999997   465
349.615   466
349.63   467
349.63999999999993   468
349.65500000000003   469
349.725   470
349.73   471
349.83   472
349.86499999999995   473
349.91499999999996   474
349.92   475
349.92999999999995   476
349.96500000000003   477
350.025   478
350.1   479
350.155   480
350.21   481
350.4599999999999   482
350.47499999999997   483
350.805   484
351.06   485
351.23   486
351.68499999999995   487
351.78499999999997   488
351.92   489
352.05499999999995   490
357.235   491
357.285   492
357.30999999999995   493
357.34499999999997   494
357.35   495
357.42   496
357.45   497
357.54999999999995   498
357.67   499
357.72   500
357.75   501
357.80999999999995   502
357.975   503
358.055   504
358.055   505
358.68499999999995   506
358.69999999999993   507
358.69999999999993   508
358.7049999999999   509
358.7049999999999   510
358.71   511
358.71   512
358.715   513
358.725   514
358.725   515
358.73   516
358.73499999999996   517
358.73499999999996   518
358.73499999999996   519
358.74   520
358.74999999999994   521
358.76   522
358.76499999999993   523
358.77   524
358.79999999999995   525
358.81   526
358.81499999999994   527
358.8299999999999   528
358.855   529
358.885   530
358.8949999999999   531
358.90000000000003   532
358.90500000000003   533
358.90500000000003   534
358.90999999999997   535
358.90999999999997   536
358.92   537
358.92499999999995   538
358.93999999999994   539
358.93999999999994   540
358.94499999999994   541
358.985   542
358.995   543
359.00499999999994   544
359.02500000000003   545
359.02500000000003   546
359.03499999999997   547
359.05   548
359.065   549
359.06999999999994   550
359.075   551
359.08   552
359.08   553
359.0849999999999   554
359.11999999999995   555
359.13   556
359.13499999999993   557
359.14   558
359.15500000000003   559
359.15500000000003   560
359.17   561
359.205   562
359.215   563
359.22999999999996   564
359.255   565
359.27   566
359.275   567
359.275   568
359.335   569
359.335   570
359.345   571
359.345   572
359.35   573
359.365   574
359.385   575
359.38999999999993   576
359.38999999999993   577
359.40000000000003   578
359.40000000000003   579
359.41   580
359.415   581
359.43   582
359.43499999999995   583
359.45   584
359.45   585
359.46500000000003   586
359.49999999999994   587
359.51499999999993   588
359.51499999999993   589
359.545   590
359.585   591
359.59000000000003   592
359.59000000000003   593
359.59499999999997   594
359.6   595
359.61499999999995   596
359.62999999999994   597
359.6449999999999   598
359.65999999999997   599
359.665   600
359.665   601
359.7   602
359.75   603
359.765   604
359.765   605
359.775   606
359.775   607
359.81   608
359.825   609
359.845   610
359.86999999999995   611
359.925   612
359.93499999999995   613
359.94999999999993   614
359.965   615
360   616
360.01   617
360.01499999999993   618
360.02500000000003   619
360.08   620
360.12499999999994   621
360.13   622
360.145   623
360.165   624
360.17499999999995   625
360.18   626
360.18999999999994   627
360.18999999999994   628
360.18999999999994   629
360.2   630
360.21500000000003   631
360.225   632
360.225   633
360.225   634
360.225   635
360.23   636
360.24   637
360.25499999999994   638
360.26   639
360.26   640
360.265   641
360.2699999999999   642
360.295   643
360.31   644
360.31499999999994   645
360.34999999999997   646
360.34999999999997   647
360.36499999999995   648
360.36499999999995   649
360.39   650
360.40500000000003   651
360.425   652
360.435   653
360.45   654
360.45   655
360.455   656
360.4599999999999   657
360.4599999999999   658
360.50999999999993   659
360.515   660
360.515   661
360.53000000000003   662
360.53999999999996   663
360.545   664
360.565   665
360.565   666
360.575   667
360.58   668
360.59   669
360.595   670
360.595   671
360.6   672
360.61   673
360.61   674
360.61   675
360.63   676
360.63499999999993   677
360.64   678
360.645   679
360.645   680
360.645   681
360.65   682
360.65500000000003   683
360.68499999999995   684
360.71   685
360.71   686
360.72   687
360.725   688
360.72999999999996   689
360.72999999999996   690
360.735   691
360.74999999999994   692
360.755   693
360.755   694
360.8   695
360.805   696
360.80999999999995   697
360.82   698
360.8299999999999   699
360.835   700
360.85999999999996   701
360.865   702
360.87   703
360.87   704
360.87   705
360.88   706
360.88   707
360.88999999999993   708
360.88999999999993   709
360.88999999999993   710
360.915   711
360.92   712
360.935   713
360.945   714
360.95   715
360.95   716
360.95   717
360.96   718
360.975   719
360.98499999999996   720
360.98999999999995   721
360.995   722
361   723
361   724
361.015   725
361.06   726
361.06999999999994   727
361.075   728
361.075   729
361.0849999999999   730
361.0849999999999   731
361.09999999999997   732
361.125   733
361.125   734
361.14   735
361.14   736
361.14   737
361.1449999999999   738
361.1449999999999   739
361.1449999999999   740
361.175   741
361.19499999999994   742
361.205   743
361.205   744
361.22   745
361.22499999999997   746
361.22499999999997   747
361.22499999999997   748
361.24499999999995   749
361.27   750
361.275   751
361.275   752
361.30499999999995   753
361.31   754
361.31   755
361.32   756
361.34   757
361.36   758
361.375   759
361.395   760
361.415   761
361.425   762
361.44999999999993   763
361.475   764
361.49999999999994   765
361.49999999999994   766
361.5799999999999   767
361.585   768
361.59000000000003   769
361.605   770
361.62   771
361.62499999999994   772
361.65999999999997   773
361.68   774
361.68   775
361.695   776
361.7   777
361.765   778
361.78499999999997   779
361.805   780
361.815   781
361.8349999999999   782
361.86   783
361.875   784
361.87999999999994   785
361.87999999999994   786
361.9   787
361.9   788
361.9   789
361.90500000000003   790
361.92999999999995   791
361.935   792
361.95   793
361.95   794
361.95   795
361.96500000000003   796
361.99   797
361.99499999999995   798
362.025   799
362.03999999999996   800
362.03999999999996   801
362.05   802
362.065   803
362.085   804
362.095   805
362.095   806
362.10499999999996   807
362.125   808
362.15000000000003   809
362.16   810
362.16999999999996   811
362.175   812
362.285   813
362.29999999999995   814
362.32   815
362.325   816
362.3299999999999   817
362.34000000000003   818
362.355   819
362.37   820
362.37999999999994   821
362.37999999999994   822
362.385   823
362.4599999999999   824
362.4599999999999   825
362.48999999999995   826
362.495   827
362.50499999999994   828
362.50499999999994   829
362.515   830
362.515   831
362.53000000000003   832
362.53000000000003   833
362.545   834
362.56999999999994   835
362.5849999999999   836
362.5849999999999   837
362.595   838
362.59999999999997   839
362.625   840
362.64   841
362.65500000000003   842
362.715   843
362.72999999999996   844
362.755   845
362.78000000000003   846
362.78999999999996   847
362.78999999999996   848
362.80999999999995   849
362.82499999999993   850
362.82499999999993   851
362.84   852
362.87499999999994   853
362.88   854
362.885   855
362.945   856
362.95   857
362.96500000000003   858
362.96999999999997   859
362.98   860
362.99999999999994   861
363.035   862
363.06   863
363.07   864
363.075   865
363.12   866
363.12   867
363.125   868
363.15500000000003   869
363.17   870
363.17499999999995   871
363.2   872
363.22   873
363.23   874
363.245   875
363.245   876
363.245   877
363.25499999999994   878
363.3349999999999   879
363.3349999999999   880
363.34999999999997   881
363.38   882
363.42   883
363.42   884
363.435   885
363.445   886
363.52   887
363.53   888
363.57499999999993   889
363.62   890
363.63   891
363.7049999999999   892
363.745   893
363.765   894
363.78499999999997   895
363.78499999999997   896
363.835   897
363.8949999999999   898
363.915   899
363.92499999999995   900
363.95   901
363.95   902
363.995   903
364.02   904
364.03999999999996   905
364.06999999999994   906
364.095   907
364.11999999999995   908
364.145   909
364.19   910
364.22   911
364.225   912
364.225   913
364.26   914
364.355   915
364.365   916
364.41   917
364.415   918
364.43   919
364.435   920
364.46   921
364.475   922
364.54   923
364.54   924
364.56   925
364.58   926
364.5849999999999   927
364.59000000000003   928
364.59999999999997   929
364.61499999999995   930
364.65500000000003   931
364.69499999999994   932
364.73999999999995   933
364.74499999999995   934
364.75   935
364.75999999999993   936
364.765   937
364.815   938
364.82499999999993   939
364.88   940
364.97   941
365.105   942
365.12   943
365.135   944
365.195   945
365.2   946
365.26   947
365.28000000000003   948
365.49499999999995   949
365.525   950
365.545   951
365.57499999999993   952
365.61   953
365.65   954
365.77500000000003   955
365.82   956
365.915   957
365.915   958
365.93999999999994   959
365.95   960
366.015   961
366.015   962
366.105   963
366.12999999999994   964
366.21500000000003   965
366.22   966
366.33   967
366.37499999999994   968
366.395   969
366.40000000000003   970
366.46999999999997   971
366.48   972
366.48   973
366.505   974
366.54499999999996   975
366.73999999999995   976
366.81999999999994   977
366.84000000000003   978
366.86   979
366.92999999999995   980
366.99499999999995   981
367   982
367   983
367.095   984
367.12499999999994   985
367.145   986
367.145   987
367.15000000000003   988
367.16999999999996   989
367.245   990
367.31499999999994   991
367.34499999999997   992
367.43   993
367.535   994
367.71   995
367.75   996
368.41999999999996   997
368.5799999999999   998
369.09   999
375.63   1000
375.63999999999993   1001
376.7   1002
376.7   1003
376.71500000000003   1004
376.72   1005
376.72   1006
376.72499999999997   1007
376.72499999999997   1008
376.72499999999997   1009
376.72499999999997   1010
376.73   1011
376.755   1012
376.77   1013
376.78999999999996   1014
376.815   1015
376.81999999999994   1016
376.82499999999993   1017
376.82499999999993   1018
376.835   1019
376.84   1020
376.85   1021
376.86999999999995   1022
376.90500000000003   1023
376.90500000000003   1024
376.94   1025
376.94999999999993   1026
376.955   1027
376.97999999999996   1028
376.985   1029
376.99   1030
377.005   1031
377.04   1032
377.05   1033
377.05   1034
377.055   1035
377.05999999999995   1036
377.06499999999994   1037
377.0799999999999   1038
377.09000000000003   1039
377.09000000000003   1040
377.09499999999997   1041
377.105   1042
377.10999999999996   1043
377.115   1044
377.12499999999994   1045
377.13999999999993   1046
377.17   1047
377.17499999999995   1048
377.18   1049
377.185   1050
377.195   1051
377.2049999999999   1052
377.21999999999997   1053
377.225   1054
377.23999999999995   1055
377.245   1056
377.245   1057
377.26   1058
377.26   1059
377.2699999999999   1060
377.28499999999997   1061
377.29   1062
377.295   1063
377.295   1064
377.31499999999994   1065
377.31499999999994   1066
377.31499999999994   1067
377.34000000000003   1068
377.345   1069
377.345   1070
377.345   1071
377.345   1072
377.36   1073
377.385   1074
377.39   1075
377.40000000000003   1076
377.41   1077
377.42   1078
377.435   1079
377.435   1080
377.4599999999999   1081
377.505   1082
377.525   1083
377.525   1084
377.53999999999996   1085
377.545   1086
377.545   1087
377.545   1088
377.55499999999995   1089
377.565   1090
377.565   1091
377.57   1092
377.57   1093
377.585   1094
377.59   1095
377.61999999999995   1096
377.66999999999996   1097
377.68   1098
377.68   1099
377.68499999999995   1100
377.725   1101
377.72999999999996   1102
377.745   1103
377.79499999999996   1104
377.835   1105
377.8949999999999   1106
377.90500000000003   1107
377.90999999999997   1108
377.93   1109
378.03000000000003   1110
378.04   1111
378.145   1112
378.2   1113
378.255   1114
378.315   1115
378.32499999999993   1116
378.33   1117
378.33   1118
378.34   1119
378.36   1120
378.36   1121
378.365   1122
378.36999999999995   1123
378.38   1124
378.40000000000003   1125
378.41   1126
378.415   1127
378.43499999999995   1128
378.445   1129
378.44999999999993   1130
378.46   1131
378.46   1132
378.46   1133
378.495   1134
378.495   1135
378.535   1136
378.54499999999996   1137
378.56   1138
378.605   1139
378.60999999999996   1140
378.60999999999996   1141
378.615   1142
378.625   1143
378.62999999999994   1144
378.65000000000003   1145
378.67   1146
378.67499999999995   1147
378.67499999999995   1148
378.68999999999994   1149
378.7   1150
378.7   1151
378.71500000000003   1152
378.71500000000003   1153
378.72499999999997   1154
378.73   1155
378.73999999999995   1156
378.76   1157
378.76   1158
378.7699999999999   1159
378.78499999999997   1160
378.795   1161
378.8   1162
378.80499999999995   1163
378.81   1164
378.81999999999994   1165
378.81999999999994   1166
378.81999999999994   1167
378.825   1168
378.84000000000003   1169
378.84999999999997   1170
378.84999999999997   1171
378.86499999999995   1172
378.895   1173
378.90500000000003   1174
378.91   1175
378.91   1176
378.92999999999995   1177
378.94499999999994   1178
378.965   1179
378.97   1180
378.97999999999996   1181
378.985   1182
378.985   1183
379.00999999999993   1184
379.035   1185
379.04   1186
379.05999999999995   1187
379.07   1188
379.07   1189
379.07   1190
379.07499999999993   1191
379.08   1192
379.09   1193
379.10499999999996   1194
379.115   1195
379.115   1196
379.12499999999994   1197
379.13   1198
379.13999999999993   1199
379.145   1200
379.15000000000003   1201
379.15000000000003   1202
379.155   1203
379.16999999999996   1204
379.21   1205
379.21999999999997   1206
379.21999999999997   1207
379.245   1208
379.24999999999994   1209
379.24999999999994   1210
379.255   1211
379.29   1212
379.295   1213
379.305   1214
379.31   1215
379.31   1216
379.31   1217
379.325   1218
379.34499999999997   1219
379.34499999999997   1220
379.35999999999996   1221
379.35999999999996   1222
379.35999999999996   1223
379.36499999999995   1224
379.36499999999995   1225
379.36499999999995   1226
379.37   1227
379.375   1228
379.37999999999994   1229
379.37999999999994   1230
379.385   1231
379.3949999999999   1232
379.42   1233
379.48999999999995   1234
379.5   1235
379.56   1236
379.56   1237
379.56999999999994   1238
379.56999999999994   1239
379.595   1240
379.64   1241
379.65   1242
379.67   1243
379.675   1244
379.695   1245
379.69999999999993   1246
379.74499999999995   1247
379.75   1248
379.755   1249
379.755   1250
379.755   1251
379.76499999999993   1252
379.78   1253
379.805   1254
379.85999999999996   1255
379.905   1256
379.91999999999996   1257
379.92499999999995   1258
379.93999999999994   1259
379.98499999999996   1260
380.01   1261
380.02500000000003   1262
380.055   1263
380.06499999999994   1264
380.07   1265
380.09499999999997   1266
380.11   1267
380.125   1268
380.125   1269
380.125   1270
380.15500000000003   1271
380.15999999999997   1272
380.17   1273
380.19   1274
380.205   1275
380.22   1276
380.23   1277
380.23   1278
380.23999999999995   1279
380.255   1280
380.25999999999993   1281
380.28999999999996   1282
380.31   1283
380.31999999999994   1284
380.35499999999996   1285
380.36999999999995   1286
380.38499999999993   1287
380.4   1288
380.41499999999996   1289
380.43   1290
380.44   1291
380.445   1292
380.44999999999993   1293
380.455   1294
380.455   1295
380.47999999999996   1296
380.55   1297
380.55999999999995   1298
380.565   1299
380.63   1300
380.635   1301
380.63999999999993   1302
380.655   1303
380.68   1304
380.685   1305
380.7   1306
380.73   1307
380.73999999999995   1308
380.745   1309
380.75   1310
380.78499999999997   1311
380.8349999999999   1312
380.84000000000003   1313
380.845   1314
380.84999999999997   1315
380.855   1316
380.86   1317
380.87999999999994   1318
380.89   1319
380.91499999999996   1320
380.92   1321
380.92   1322
380.935   1323
380.955   1324
381.00999999999993   1325
381.03000000000003   1326
381.07   1327
381.07499999999993   1328
381.095   1329
381.095   1330
381.1   1331
381.1   1332
381.11999999999995   1333
381.13499999999993   1334
381.13499999999993   1335
381.15   1336
381.16999999999996   1337
381.16999999999996   1338
381.175   1339
381.18499999999995   1340
381.18499999999995   1341
381.21   1342
381.21   1343
381.23499999999996   1344
381.27500000000003   1345
381.27500000000003   1346
381.29   1347
381.30999999999995   1348
381.325   1349
381.335   1350
381.335   1351
381.35999999999996   1352
381.38   1353
381.38   1354
381.38999999999993   1355
381.38999999999993   1356
381.3949999999999   1357
381.445   1358
381.45   1359
381.46500000000003   1360
381.46999999999997   1361
381.46999999999997   1362
381.475   1363
381.5   1364
381.50499999999994   1365
381.51   1366
381.56   1367
381.56   1368
381.5849999999999   1369
381.595   1370
381.61499999999995   1371
381.62   1372
381.625   1373
381.625   1374
381.64   1375
381.645   1376
381.65   1377
381.675   1378
381.71500000000003   1379
381.71500000000003   1380
381.72499999999997   1381
381.74499999999995   1382
381.75999999999993   1383
381.75999999999993   1384
381.765   1385
381.78000000000003   1386
381.795   1387
381.80499999999995   1388
381.845   1389
381.85499999999996   1390
381.85499999999996   1391
381.88   1392
381.94   1393
381.94999999999993   1394
381.9549999999999   1395
381.965   1396
381.98499999999996   1397
382.02500000000003   1398
382.035   1399
382.04   1400
382.04   1401
382.06499999999994   1402
382.075   1403
382.0799999999999   1404
382.105   1405
382.1449999999999   1406
382.17   1407
382.17499999999995   1408
382.23999999999995   1409
382.25499999999994   1410
382.30499999999995   1411
382.315   1412
382.36   1413
382.475   1414
382.49499999999995   1415
382.515   1416
382.54499999999996   1417
382.55   1418
382.58500000000004   1419
382.60499999999996   1420
382.635   1421
382.655   1422
382.7049999999999   1423
382.755   1424
382.76   1425
382.77   1426
382.78   1427
382.825   1428
382.8299999999999   1429
382.84000000000003   1430
382.85   1431
382.85999999999996   1432
382.86499999999995   1433
383.0199999999999   1434
383.0199999999999   1435
383.03000000000003   1436
383.08   1437
383.14   1438
383.15500000000003   1439
383.19   1440
383.33   1441
383.33500000000004   1442
383.35   1443
383.38   1444
383.415   1445
383.41999999999996   1446
383.43   1447
383.4549999999999   1448
383.46000000000004   1449
383.5199999999999   1450
383.53499999999997   1451
383.59000000000003   1452
383.59000000000003   1453
383.775   1454
383.81   1455
383.81999999999994   1456
383.89   1457
383.91499999999996   1458
383.985   1459
384.005   1460
384.01   1461
384.05999999999995   1462
384.05999999999995   1463
384.07   1464
384.07   1465
384.105   1466
384.13   1467
384.17499999999995   1468
384.18999999999994   1469
384.2049999999999   1470
384.245   1471
384.28499999999997   1472
384.31   1473
384.34999999999997   1474
384.3949999999999   1475
384.40999999999997   1476
384.42   1477
384.525   1478
384.525   1479
384.55   1480
384.595   1481
384.69999999999993   1482
384.85   1483
384.87499999999994   1484
384.88999999999993   1485
384.945   1486
384.9549999999999   1487
384.98499999999996   1488
385.03000000000003   1489
385.04999999999995   1490
385.06   1491
385.06   1492
385.38999999999993   1493
385.41   1494
385.41999999999996   1495
385.52500000000003   1496
385.555   1497
385.575   1498
385.60999999999996   1499
385.64   1500
385.685   1501
385.90500000000003   1502
385.94   1503
385.97999999999996   1504
385.985   1505
385.99499999999995   1506
386.03000000000003   1507
386.51   1508
386.52500000000003   1509
386.66499999999996   1510
386.91999999999996   1511
387.09000000000003   1512
387.17499999999995   1513
387.40500000000003   1514
387.41499999999996   1515
387.42   1516
387.425   1517
387.50999999999993   1518
387.71500000000003   1519
387.73499999999996   1520
396.87499999999994   1521
396.96500000000003   1522
397   1523
397.02500000000003   1524
397.09000000000003   1525
397.15500000000003   1526
397.22499999999997   1527
397.235   1528
397.24499999999995   1529
397.27   1530
397.28000000000003   1531
397.315   1532
397.345   1533
397.38499999999993   1534
397.44999999999993   1535
398.66499999999996   1536
398.69   1537
398.72   1538
398.74   1539
398.74499999999995   1540
398.74499999999995   1541
398.75   1542
398.765   1543
398.765   1544
398.77   1545
398.78000000000003   1546
398.80999999999995   1547
398.815   1548
398.82499999999993   1549
398.82499999999993   1550
398.83   1551
398.85499999999996   1552
398.96500000000003   1553
398.96500000000003   1554
398.975   1555
398.98499999999996   1556
398.995   1557
399.005   1558
399.01499999999993   1559
399.0199999999999   1560
399.045   1561
399.04999999999995   1562
399.06499999999994   1563
399.06499999999994   1564
399.07   1565
399.07   1566
399.08500000000004   1567
399.09000000000003   1568
399.105   1569
399.11499999999995   1570
399.12999999999994   1571
399.12999999999994   1572
399.14   1573
399.15000000000003   1574
399.15500000000003   1575
399.15999999999997   1576
399.15999999999997   1577
399.15999999999997   1578
399.15999999999997   1579
399.165   1580
399.2   1581
399.205   1582
399.205   1583
399.23999999999995   1584
399.25499999999994   1585
399.27   1586
399.275   1587
399.30499999999995   1588
399.325   1589
399.33   1590
399.34000000000003   1591
399.34000000000003   1592
399.365   1593
399.38   1594
399.38   1595
399.38   1596
399.38499999999993   1597
399.4   1598
399.42   1599
399.425   1600
399.425   1601
399.44   1602
399.445   1603
399.47999999999996   1604
399.505   1605
399.51499999999993   1606
399.53   1607
399.535   1608
399.54   1609
399.55   1610
399.555   1611
399.57   1612
399.59   1613
399.59   1614
399.6   1615
399.62499999999994   1616
399.63   1617
399.63   1618
399.63   1619
399.73499999999996   1620
399.74999999999994   1621
399.78499999999997   1622
399.79   1623
399.855   1624
399.87   1625
399.915   1626
399.92999999999995   1627
399.92999999999995   1628
399.97499999999997   1629
399.995   1630
400.02   1631
400.08   1632
400.09   1633
400.10499999999996   1634
400.16   1635
400.24   1636
400.24   1637
400.285   1638
400.435   1639
400.445   1640
400.4549999999999   1641
400.46000000000004   1642
400.475   1643
400.48   1644
400.50499999999994   1645
400.5199999999999   1646
400.53000000000003   1647
400.54   1648
400.555   1649
400.59999999999997   1650
400.59999999999997   1651
400.61   1652
400.635   1653
400.65000000000003   1654
400.65500000000003   1655
400.65500000000003   1656
400.65500000000003   1657
400.65999999999997   1658
400.72   1659
400.735   1660
400.735   1661
400.73999999999995   1662
400.75999999999993   1663
400.765   1664
400.765   1665
400.765   1666
400.765   1667
400.80499999999995   1668
400.80499999999995   1669
400.81   1670
400.815   1671
400.83   1672
400.84   1673
400.84   1674
400.845   1675
400.86   1676
400.88   1677
400.88999999999993   1678
400.895   1679
400.9   1680
400.9   1681
400.915   1682
400.91999999999996   1683
400.925   1684
400.93499999999995   1685
400.93499999999995   1686
400.94   1687
400.94   1688
400.955   1689
400.96000000000004   1690
400.97   1691
400.97999999999996   1692
400.98499999999996   1693
400.995   1694
400.995   1695
401.02500000000003   1696
401.03   1697
401.035   1698
401.04   1699
401.05   1700
401.05   1701
401.055   1702
401.055   1703
401.05999999999995   1704
401.05999999999995   1705
401.07   1706
401.075   1707
401.0799999999999   1708
401.09000000000003   1709
401.12   1710
401.12499999999994   1711
401.135   1712
401.13999999999993   1713
401.1449999999999   1714
401.17499999999995   1715
401.195   1716
401.2   1717
401.21500000000003   1718
401.21500000000003   1719
401.225   1720
401.225   1721
401.25   1722
401.25   1723
401.25499999999994   1724
401.28499999999997   1725
401.29   1726
401.295   1727
401.315   1728
401.31999999999994   1729
401.34999999999997   1730
401.355   1731
401.355   1732
401.37   1733
401.37   1734
401.375   1735
401.41499999999996   1736
401.425   1737
401.425   1738
401.455   1739
401.46500000000003   1740
401.47   1741
401.47   1742
401.47999999999996   1743
401.50999999999993   1744
401.57   1745
401.57   1746
401.61   1747
401.645   1748
401.69   1749
401.82   1750
401.855   1751
401.85999999999996   1752
401.87   1753
401.96500000000003   1754
402.06999999999994   1755
402.06999999999994   1756
402.085   1757
402.125   1758
402.13499999999993   1759
402.145   1760
402.16   1761
402.17999999999995   1762
402.215   1763
402.25   1764
402.265   1765
402.305   1766
402.395   1767
402.41   1768
402.48499999999996   1769
402.51   1770
402.5199999999999   1771
402.54999999999995   1772
402.57   1773
402.57   1774
402.58500000000004   1775
402.67499999999995   1776
402.68999999999994   1777
402.68999999999994   1778
402.71   1779
402.75   1780
402.7699999999999   1781
402.77500000000003   1782
402.81   1783
402.84000000000003   1784
402.91499999999996   1785
402.92999999999995   1786
402.93499999999995   1787
403   1788
403.025   1789
403.035   1790
403.04499999999996   1791
403.04499999999996   1792
403.05   1793
403.065   1794
403.13999999999993   1795
403.165   1796
403.21000000000004   1797
403.21500000000003   1798
403.225   1799
403.23499999999996   1800
403.27500000000003   1801
403.37   1802
403.37   1803
403.375   1804
403.37999999999994   1805
403.385   1806
403.385   1807
403.385   1808
403.39   1809
403.3949999999999   1810
403.48   1811
403.525   1812
403.545   1813
403.545   1814
403.56999999999994   1815
403.60499999999996   1816
403.61999999999995   1817
403.61999999999995   1818
403.63   1819
403.63499999999993   1820
403.65500000000003   1821
403.66   1822
403.71000000000004   1823
403.725   1824
403.74999999999994   1825
403.79   1826
403.8   1827
403.80999999999995   1828
403.815   1829
403.855   1830
403.87   1831
403.92499999999995   1832
403.93999999999994   1833
403.96000000000004   1834
403.98   1835
403.99999999999994   1836
404.02500000000003   1837
404.04999999999995   1838
404.04999999999995   1839
404.06   1840
404.09499999999997   1841
404.09999999999997   1842
404.15500000000003   1843
404.24499999999995   1844
404.275   1845
404.30499999999995   1846
404.315   1847
404.31999999999994   1848
404.335   1849
404.41999999999996   1850
404.425   1851
404.455   1852
404.465   1853
404.465   1854
404.49999999999994   1855
404.51499999999993   1856
404.52   1857
404.52   1858
404.53   1859
404.54   1860
404.54499999999996   1861
404.555   1862
404.57   1863
404.57499999999993   1864
404.57499999999993   1865
404.5799999999999   1866
404.59   1867
404.6   1868
404.62   1869
404.62499999999994   1870
404.6449999999999   1871
404.695   1872
404.71000000000004   1873
404.71500000000003   1874
404.76   1875
404.76   1876
404.805   1877
404.81999999999994   1878
404.81999999999994   1879
404.845   1880
404.855   1881
404.86499999999995   1882
404.90999999999997   1883
404.90999999999997   1884
404.90999999999997   1885
404.92   1886
404.935   1887
404.96   1888
404.97999999999996   1889
405.03000000000003   1890
405.035   1891
405.11   1892
405.15   1893
405.16999999999996   1894
405.19999999999993   1895
405.205   1896
405.22999999999996   1897
405.28   1898
405.29   1899
405.29   1900
405.32   1901
405.32   1902
405.34499999999997   1903
405.415   1904
405.42499999999995   1905
405.43999999999994   1906
405.43999999999994   1907
405.50499999999994   1908
405.53000000000003   1909
405.625   1910
405.71   1911
405.71500000000003   1912
405.72999999999996   1913
405.85   1914
405.865   1915
405.90000000000003   1916
405.93499999999995   1917
405.93499999999995   1918
405.965   1919
405.995   1920
406.005   1921
406.035   1922
406.04999999999995   1923
406.055   1924
406.0799999999999   1925
406.1   1926
406.105   1927
406.2   1928
406.21   1929
406.21500000000003   1930
406.235   1931
406.30499999999995   1932
406.335   1933
406.34999999999997   1934
406.395   1935
406.41   1936
406.465   1937
406.475   1938
406.525   1939
406.55999999999995   1940
406.57   1941
406.615   1942
406.615   1943
406.65000000000003   1944
406.71500000000003   1945
406.805   1946
406.875   1947
406.93   1948
406.93999999999994   1949
407.11   1950
407.11999999999995   1951
407.13   1952
407.15   1953
407.215   1954
407.29499999999996   1955
407.35499999999996   1956
407.395   1957
407.4549999999999   1958
407.475   1959
407.495   1960
407.49999999999994   1961
407.50499999999994   1962
407.53000000000003   1963
407.54   1964
407.56   1965
407.575   1966
407.605   1967
407.61   1968
407.61499999999995   1969
407.665   1970
407.665   1971
407.67999999999995   1972
407.69   1973
407.705   1974
407.72499999999997   1975
407.75999999999993   1976
407.83   1977
407.875   1978
407.955   1979
407.99   1980
408.05   1981
408.05999999999995   1982
408.065   1983
408.12499999999994   1984
408.13   1985
408.13999999999993   1986
408.18   1987
408.195   1988
408.195   1989
408.2049999999999   1990
408.21500000000003   1991
408.28499999999997   1992
408.31999999999994   1993
408.3299999999999   1994
408.36   1995
408.37   1996
408.37   1997
408.435   1998
408.505   1999
408.525   2000
408.53000000000003   2001
408.785   2002
408.87499999999994   2003
409.12   2004
409.12   2005
409.795   2006
409.925   2007
409.94499999999994   2008
410.03000000000003   2009
410.115   2010
410.24   2011
410.245   2012
410.305   2013
410.52500000000003   2014
410.545   2015
410.58   2016
410.58   2017
410.59999999999997   2018
410.61999999999995   2019
410.63   2020
410.78999999999996   2021
410.91   2022
411.04999999999995   2023
411.105   2024
413.325   2025
423.535   2026
423.54499999999996   2027
423.59499999999997   2028
423.60999999999996   2029
423.685   2030
423.7   2031
423.71500000000003   2032
423.74   2033
423.79999999999995   2034
423.81   2035
423.82   2036
423.8299999999999   2037
423.84000000000003   2038
423.84499999999997   2039
423.855   2040
423.87   2041
423.8949999999999   2042
423.92   2043
423.935   2044
423.94499999999994   2045
423.94499999999994   2046
423.955   2047
423.98   2048
423.98999999999995   2049
423.98999999999995   2050
424.00499999999994   2051
424.015   2052
424.03000000000003   2053
424.05   2054
424.095   2055
424.11   2056
424.18499999999995   2057
424.19   2058
424.305   2059
424.305   2060
424.32   2061
424.365   2062
424.37   2063
424.685   2064
425.595   2065
425.61999999999995   2066
425.745   2067
425.76499999999993   2068
425.77500000000003   2069
425.78   2070
425.79999999999995   2071
425.79999999999995   2072
425.83500000000004   2073
425.84499999999997   2074
425.855   2075
425.87   2076
425.90500000000003   2077
425.90999999999997   2078
425.90999999999997   2079
425.90999999999997   2080
425.93   2081
425.95   2082
425.985   2083
425.995   2084
426.0199999999999   2085
426.0199999999999   2086
426.02500000000003   2087
426.02500000000003   2088
426.06   2089
426.06   2090
426.065   2091
426.06999999999994   2092
426.085   2093
426.14   2094
426.145   2095
426.15   2096
426.175   2097
426.175   2098
426.19999999999993   2099
426.24   2100
426.255   2101
426.265   2102
426.265   2103
426.275   2104
426.28000000000003   2105
426.29499999999996   2106
426.33500000000004   2107
426.345   2108
426.36999999999995   2109
426.36999999999995   2110
426.38   2111
426.38999999999993   2112
426.395   2113
426.40000000000003   2114
426.405   2115
426.415   2116
426.44999999999993   2117
426.46999999999997   2118
426.48499999999996   2119
426.49   2120
426.495   2121
426.51   2122
426.52500000000003   2123
426.53   2124
426.545   2125
426.56   2126
426.56499999999994   2127
426.59499999999997   2128
426.59499999999997   2129
426.64   2130
426.6449999999999   2131
426.65500000000003   2132
426.65500000000003   2133
426.67   2134
426.69499999999994   2135
426.7   2136
426.7   2137
426.71500000000003   2138
426.71500000000003   2139
426.73999999999995   2140
426.78000000000003   2141
426.86   2142
426.86999999999995   2143
426.90500000000003   2144
426.91   2145
426.92999999999995   2146
426.93499999999995   2147
426.94   2148
426.965   2149
426.975   2150
426.985   2151
427.00999999999993   2152
427.04   2153
427.095   2154
427.1   2155
427.1   2156
427.10999999999996   2157
427.10999999999996   2158
427.10999999999996   2159
427.16999999999996   2160
427.18999999999994   2161
427.245   2162
427.25499999999994   2163
427.26   2164
427.325   2165
427.3299999999999   2166
427.33500000000004   2167
427.36499999999995   2168
427.37   2169
427.375   2170
427.39   2171
427.42999999999995   2172
427.47   2173
427.50499999999994   2174
427.53999999999996   2175
427.545   2176
427.55   2177
427.57499999999993   2178
427.585   2179
427.645   2180
427.65   2181
427.725   2182
427.74999999999994   2183
427.8299999999999   2184
427.84   2185
427.87499999999994   2186
427.88   2187
427.88999999999993   2188
427.93999999999994   2189
427.96000000000004   2190
427.98   2191
427.98499999999996   2192
427.995   2193
427.99999999999994   2194
428.0199999999999   2195
428.03499999999997   2196
428.045   2197
428.09499999999997   2198
428.09999999999997   2199
428.09999999999997   2200
428.105   2201
428.135   2202
428.14   2203
428.15000000000003   2204
428.15500000000003   2205
428.15999999999997   2206
428.17   2207
428.175   2208
428.175   2209
428.185   2210
428.19   2211
428.19   2212
428.19499999999994   2213
428.205   2214
428.21   2215
428.22499999999997   2216
428.235   2217
428.23999999999995   2218
428.23999999999995   2219
428.24499999999995   2220
428.265   2221
428.265   2222
428.265   2223
428.27   2224
428.28999999999996   2225
428.28999999999996   2226
428.295   2227
428.3   2228
428.31   2229
428.32499999999993   2230
428.35499999999996   2231
428.36999999999995   2232
428.38499999999993   2233
428.41499999999996   2234
428.41999999999996   2235
428.44   2236
428.465   2237
428.47   2238
428.505   2239
428.51   2240
428.52500000000003   2241
428.605   2242
428.615   2243
428.635   2244
428.635   2245
428.71000000000004   2246
428.71000000000004   2247
428.77500000000003   2248
428.77500000000003   2249
428.77500000000003   2250
428.78000000000003   2251
428.79   2252
428.79   2253
428.83   2254
428.88499999999993   2255
428.95   2256
428.97499999999997   2257
428.97499999999997   2258
428.97999999999996   2259
428.97999999999996   2260
429.00999999999993   2261
429.03000000000003   2262
429.05499999999995   2263
429.05999999999995   2264
429.05999999999995   2265
429.095   2266
429.10499999999996   2267
429.13999999999993   2268
429.26499999999993   2269
429.27   2270
429.29499999999996   2271
429.31499999999994   2272
429.32   2273
429.325   2274
429.34499999999997   2275
429.37499999999994   2276
429.385   2277
429.40000000000003   2278
429.4549999999999   2279
429.46000000000004   2280
429.625   2281
429.62999999999994   2282
429.64   2283
429.69499999999994   2284
429.78999999999996   2285
429.80499999999995   2286
429.87499999999994   2287
429.925   2288
429.93   2289
429.975   2290
429.995   2291
430.06   2292
430.06499999999994   2293
430.11499999999995   2294
430.15500000000003   2295
430.17   2296
430.185   2297
430.245   2298
430.295   2299
430.325   2300
430.325   2301
430.38499999999993   2302
430.39   2303
430.40500000000003   2304
430.41   2305
430.41   2306
430.44   2307
430.47999999999996   2308
430.51499999999993   2309
430.535   2310
430.58   2311
430.66   2312
430.68   2313
430.795   2314
430.8299999999999   2315
430.86499999999995   2316
430.8949999999999   2317
430.92   2318
430.93999999999994   2319
431.09000000000003   2320
431.095   2321
431.095   2322
431.11999999999995   2323
431.15   2324
431.15   2325
431.24499999999995   2326
431.24499999999995   2327
431.29499999999996   2328
431.315   2329
431.32   2330
431.32499999999993   2331
431.35999999999996   2332
431.38999999999993   2333
431.46500000000003   2334
431.545   2335
431.5799999999999   2336
431.605   2337
431.65999999999997   2338
431.765   2339
431.785   2340
431.78999999999996   2341
431.795   2342
431.80499999999995   2343
431.86999999999995   2344
431.91   2345
431.91999999999996   2346
432.005   2347
432.01499999999993   2348
432.02500000000003   2349
432.05999999999995   2350
432.05999999999995   2351
432.18   2352
432.185   2353
432.23999999999995   2354
432.24999999999994   2355
432.2699999999999   2356
432.305   2357
432.39   2358
432.40500000000003   2359
432.60499999999996   2360
432.61   2361
432.63999999999993   2362
432.66999999999996   2363
432.71000000000004   2364
432.715   2365
432.72999999999996   2366
432.805   2367
432.825   2368
432.96500000000003   2369
433.03000000000003   2370
433.04   2371
433.06499999999994   2372
433.11499999999995   2373
433.17   2374
433.185   2375
433.19   2376
433.19499999999994   2377
433.255   2378
433.28000000000003   2379
433.28999999999996   2380
433.35499999999996   2381
433.405   2382
433.41   2383
433.41999999999996   2384
433.44999999999993   2385
433.505   2386
433.54499999999996   2387
433.5799999999999   2388
433.59000000000003   2389
433.605   2390
433.62   2391
433.62499999999994   2392
433.64   2393
433.65500000000003   2394
433.75   2395
433.75499999999994   2396
433.78000000000003   2397
433.80499999999995   2398
433.80499999999995   2399
433.86999999999995   2400
433.875   2401
433.87999999999994   2402
433.9   2403
433.935   2404
433.955   2405
434.07499999999993   2406
434.10499999999996   2407
434.12499999999994   2408
434.145   2409
434.21999999999997   2410
434.23   2411
434.23   2412
434.24999999999994   2413
434.29499999999996   2414
434.35   2415
434.35999999999996   2416
434.37999999999994   2417
434.43999999999994   2418
434.44499999999994   2419
434.46   2420
434.56   2421
434.585   2422
434.61999999999995   2423
434.63499999999993   2424
434.77   2425
434.99   2426
435.01499999999993   2427
435.01499999999993   2428
435.0199999999999   2429
435.06   2430
435.07   2431
435.12999999999994   2432
435.25499999999994   2433
435.28999999999996   2434
435.31   2435
435.335   2436
435.34999999999997   2437
435.42999999999995   2438
435.455   2439
435.7   2440
435.73499999999996   2441
435.79   2442
435.79   2443
435.84000000000003   2444
435.86   2445
435.91499999999996   2446
435.92   2447
436.085   2448
436.095   2449
436.1   2450
436.11   2451
436.11999999999995   2452
436.24   2453
436.28   2454
436.48999999999995   2455
436.54   2456
436.555   2457
436.58   2458
436.625   2459
436.62999999999994   2460
436.65500000000003   2461
436.71500000000003   2462
436.75999999999993   2463
436.86   2464
436.865   2465
436.99999999999994   2466
437.075   2467
437.25499999999994   2468
437.25499999999994   2469
437.375   2470
437.4   2471
437.435   2472
437.47999999999996   2473
437.535   2474
437.985   2475
438.22   2476
438.48   2477
438.96000000000004   2478
438.965   2479
439   2480
439.145   2481
439.18999999999994   2482
439.525   2483
439.63   2484
439.675   2485
439.74999999999994   2486
439.82499999999993   2487
440.085   2488
454.7699999999999   2489
454.77500000000003   2490
454.78499999999997   2491
454.84499999999997   2492
456.85   2493
456.85999999999996   2494
456.87   2495
456.905   2496
456.92   2497
456.92499999999995   2498
456.9549999999999   2499
456.98   2500
457.03499999999997   2501
457.03499999999997   2502
457.04   2503
457.04   2504
457.05499999999995   2505
457.06999999999994   2506
457.08   2507
457.09000000000003   2508
457.095   2509
457.11   2510
457.16499999999996   2511
457.16499999999996   2512
457.175   2513
457.17999999999995   2514
457.17999999999995   2515
457.205   2516
457.22999999999996   2517
457.24   2518
457.24   2519
457.24   2520
457.24499999999995   2521
457.25999999999993   2522
457.27   2523
457.27   2524
457.28000000000003   2525
457.30499999999995   2526
457.315   2527
457.365   2528
457.36999999999995   2529
457.37499999999994   2530
457.38   2531
457.38999999999993   2532
457.395   2533
457.405   2534
457.41   2535
457.415   2536
457.415   2537
457.43   2538
457.43   2539
457.43499999999995   2540
457.43499999999995   2541
457.44   2542
457.44999999999993   2543
457.46000000000004   2544
457.465   2545
457.465   2546
457.475   2547
457.47999999999996   2548
457.49999999999994   2549
457.51499999999993   2550
457.51499999999993   2551
457.52   2552
457.52500000000003   2553
457.54499999999996   2554
457.555   2555
457.605   2556
457.635   2557
457.64   2558
457.65000000000003   2559
457.67499999999995   2560
457.73   2561
457.76   2562
457.78000000000003   2563
457.81   2564
457.84000000000003   2565
457.84000000000003   2566
457.87999999999994   2567
457.895   2568
457.91   2569
457.94499999999994   2570
457.96   2571
458.08500000000004   2572
458.13   2573
458.15000000000003   2574
458.21000000000004   2575
458.325   2576
458.34499999999997   2577
458.375   2578
458.39   2579
458.40999999999997   2580
458.42999999999995   2581
458.48   2582
458.525   2583
458.595   2584
458.63   2585
458.67999999999995   2586
458.735   2587
458.74   2588
458.815   2589
459.28000000000003   2590
459.28999999999996   2591
459.28999999999996   2592
459.33   2593
459.34   2594
459.375   2595
459.4   2596
459.425   2597
459.43499999999995   2598
459.455   2599
459.455   2600
459.46000000000004   2601
459.465   2602
459.475   2603
459.49499999999995   2604
459.49999999999994   2605
459.50999999999993   2606
459.51499999999993   2607
459.52   2608
459.53   2609
459.53   2610
459.565   2611
459.57   2612
459.57499999999993   2613
459.6449999999999   2614
459.655   2615
459.65999999999997   2616
459.665   2617
459.66999999999996   2618
459.7   2619
459.725   2620
459.73   2621
459.73499999999996   2622
459.76   2623
459.76   2624
459.7699999999999   2625
459.79   2626
459.81499999999994   2627
459.81499999999994   2628
459.81999999999994   2629
459.875   2630
459.875   2631
459.8949999999999   2632
459.90000000000003   2633
459.90500000000003   2634
459.92   2635
459.955   2636
459.96   2637
459.97   2638
459.97499999999997   2639
460   2640
460   2641
460.015   2642
460.035   2643
460.035   2644
460.05999999999995   2645
460.07499999999993   2646
460.1   2647
460.11   2648
460.115   2649
460.11999999999995   2650
460.145   2651
460.145   2652
460.16499999999996   2653
460.19999999999993   2654
460.19999999999993   2655
460.205   2656
460.215   2657
460.22   2658
460.22999999999996   2659
460.26   2660
460.31499999999994   2661
460.385   2662
460.38999999999993   2663
460.40000000000003   2664
460.405   2665
460.42499999999995   2666
460.435   2667
460.43999999999994   2668
460.4549999999999   2669
460.5   2670
460.5199999999999   2671
460.53000000000003   2672
460.54   2673
460.54999999999995   2674
460.56   2675
460.56999999999994   2676
460.62   2677
460.63499999999993   2678
460.65500000000003   2679
460.69   2680
460.705   2681
460.755   2682
460.8   2683
460.88999999999993   2684
460.905   2685
460.91   2686
460.915   2687
460.93   2688
460.94   2689
460.99   2690
460.99   2691
461.02   2692
461.04999999999995   2693
461.08500000000004   2694
461.17   2695
461.2   2696
461.265   2697
461.27500000000003   2698
461.39   2699
461.44999999999993   2700
461.465   2701
461.53999999999996   2702
461.63999999999993   2703
461.65000000000003   2704
461.68   2705
461.7049999999999   2706
461.7049999999999   2707
461.76   2708
461.79   2709
461.84000000000003   2710
461.84499999999997   2711
461.92   2712
461.93999999999994   2713
461.93999999999994   2714
461.96999999999997   2715
461.98999999999995   2716
462.02500000000003   2717
462.05499999999995   2718
462.06   2719
462.065   2720
462.18499999999995   2721
462.19999999999993   2722
462.215   2723
462.22   2724
462.275   2725
462.275   2726
462.29499999999996   2727
462.3   2728
462.315   2729
462.32499999999993   2730
462.34   2731
462.35499999999996   2732
462.385   2733
462.415   2734
462.415   2735
462.43499999999995   2736
462.43999999999994   2737
462.48499999999996   2738
462.49   2739
462.49   2740
462.555   2741
462.56   2742
462.605   2743
462.61499999999995   2744
462.635   2745
462.6449999999999   2746
462.65999999999997   2747
462.67   2748
462.735   2749
462.7699999999999   2750
462.78000000000003   2751
462.81   2752
462.845   2753
462.86999999999995   2754
462.88   2755
462.89   2756
462.895   2757
462.91   2758
462.925   2759
462.965   2760
462.975   2761
463.02   2762
463.04   2763
463.16   2764
463.16   2765
463.16999999999996   2766
463.23   2767
463.23   2768
463.26   2769
463.2699999999999   2770
463.29999999999995   2771
463.34499999999997   2772
463.36499999999995   2773
463.42999999999995   2774
463.46500000000003   2775
463.515   2776
463.76499999999993   2777
463.88999999999993   2778
463.8949999999999   2779
463.93   2780
463.9549999999999   2781
463.96000000000004   2782
463.98   2783
463.995   2784
464.0199999999999   2785
464.085   2786
464.12999999999994   2787
464.15999999999997   2788
464.265   2789
464.33   2790
464.35   2791
464.49   2792
464.54999999999995   2793
464.57   2794
464.65999999999997   2795
464.665   2796
464.67499999999995   2797
464.73   2798
464.745   2799
464.90500000000003   2800
464.99   2801
464.99   2802
465.005   2803
465.03000000000003   2804
465.13499999999993   2805
465.215   2806
465.21999999999997   2807
465.22999999999996   2808
465.24   2809
465.28   2810
465.28   2811
465.29   2812
465.40000000000003   2813
465.50499999999994   2814
465.5199999999999   2815
465.64   2816
465.755   2817
465.785   2818
465.91   2819
465.96999999999997   2820
466.02500000000003   2821
466.03   2822
466.055   2823
466.09000000000003   2824
466.1   2825
466.10999999999996   2826
466.1449999999999   2827
466.15999999999997   2828
466.185   2829
466.19499999999994   2830
466.235   2831
466.265   2832
466.3   2833
466.335   2834
466.34000000000003   2835
466.35499999999996   2836
466.40500000000003   2837
466.44   2838
466.49   2839
466.525   2840
466.53999999999996   2841
466.55999999999995   2842
466.57   2843
466.60499999999996   2844
466.665   2845
466.695   2846
466.71500000000003   2847
466.85999999999996   2848
466.93999999999994   2849
466.97   2850
467.08   2851
467.115   2852
467.24   2853
467.24499999999995   2854
467.255   2855
467.30999999999995   2856
467.395   2857
467.40000000000003   2858
467.415   2859
467.45   2860
467.52500000000003   2861
467.775   2862
467.795   2863
467.8   2864
467.81   2865
467.975   2866
467.99499999999995   2867
468.03   2868
468.06499999999994   2869
468.07499999999993   2870
468.0799999999999   2871
468.105   2872
468.12499999999994   2873
468.13   2874
468.24999999999994   2875
468.30499999999995   2876
468.34999999999997   2877
468.38499999999993   2878
468.3949999999999   2879
468.49499999999995   2880
468.5   2881
468.515   2882
468.63   2883
468.66499999999996   2884
468.68499999999995   2885
468.69999999999993   2886
468.725   2887
468.82   2888
468.88999999999993   2889
468.96500000000003   2890
468.995   2891
469.02500000000003   2892
469.06499999999994   2893
469.075   2894
469.215   2895
469.29499999999996   2896
469.34   2897
469.54999999999995   2898
469.6449999999999   2899
469.78499999999997   2900
469.825   2901
469.875   2902
469.92   2903
470.01499999999993   2904
470.03999999999996   2905
470.07   2906
470.09   2907
470.13999999999993   2908
470.165   2909
470.16999999999996   2910
470.40999999999997   2911
470.42499999999995   2912
470.455   2913
470.495   2914
470.50499999999994   2915
470.5199999999999   2916
470.75999999999993   2917
470.82499999999993   2918
470.88   2919
470.98499999999996   2920
471.01   2921
471.19   2922
471.19499999999994   2923
471.19499999999994   2924
471.23999999999995   2925
471.285   2926
471.34   2927
471.4   2928
471.43499999999995   2929
471.455   2930
471.47   2931
471.55999999999995   2932
471.59   2933
471.615   2934
471.94   2935
471.95   2936
471.96500000000003   2937
472.05   2938
472.08   2939
472.21000000000004   2940
472.24999999999994   2941
472.28   2942
472.56499999999994   2943
472.585   2944
472.61   2945
472.88   2946
472.96999999999997   2947
473.04999999999995   2948
473.21   2949
473.96500000000003   2950
474.34   2951
474.38   2952
474.6449999999999   2953
474.78000000000003   2954
474.86499999999995   2955
474.97   2956
475.09499999999997   2957
475.565   2958
475.88   2959
476.0199999999999   2960
496.36   2961
496.375   2962
496.37999999999994   2963
496.4   2964
496.41   2965
496.41499999999996   2966
496.41499999999996   2967
496.46000000000004   2968
496.465   2969
496.50999999999993   2970
496.52500000000003   2971
496.54499999999996   2972
496.54499999999996   2973
496.56499999999994   2974
496.58   2975
496.59499999999997   2976
496.62   2977
496.62999999999994   2978
496.63999999999993   2979
496.64500000000004   2980
496.67   2981
496.7   2982
496.725   2983
496.74   2984
496.74499999999995   2985
496.75   2986
496.765   2987
496.83   2988
496.885   2989
496.90500000000003   2990
496.97499999999997   2991
496.97499999999997   2992
496.995   2993
497.025   2994
497.05999999999995   2995
497.21   2996
497.23999999999995   2997
497.245   2998
497.405   2999
497.48   3000
499.18499999999995   3001
499.19   3002
499.2   3003
499.21999999999997   3004
499.23499999999996   3005
499.24499999999995   3006
499.24999999999994   3007
499.28499999999997   3008
499.29   3009
499.305   3010
499.32499999999993   3011
499.3299999999999   3012
499.34000000000003   3013
499.37999999999994   3014
499.37999999999994   3015
499.38999999999993   3016
499.4   3017
499.40500000000003   3018
499.41   3019
499.42   3020
499.42999999999995   3021
499.45   3022
499.4549999999999   3023
499.4549999999999   3024
499.485   3025
499.485   3026
499.49   3027
499.5   3028
499.515   3029
499.515   3030
499.52   3031
499.52500000000003   3032
499.55   3033
499.59499999999997   3034
499.645   3035
499.65   3036
499.65500000000003   3037
499.66499999999996   3038
499.68   3039
499.695   3040
499.72499999999997   3041
499.72999999999996   3042
499.76   3043
499.765   3044
499.78   3045
499.79499999999996   3046
499.815   3047
499.83   3048
499.84499999999997   3049
499.85   3050
499.87499999999994   3051
499.87499999999994   3052
499.895   3053
499.895   3054
499.90000000000003   3055
499.93499999999995   3056
499.93499999999995   3057
499.93999999999994   3058
499.94999999999993   3059
499.94999999999993   3060
499.96   3061
499.97499999999997   3062
499.98   3063
499.98   3064
499.98   3065
499.985   3066
500   3067
500.025   3068
500.03000000000003   3069
500.035   3070
500.09   3071
500.15999999999997   3072
500.15999999999997   3073
500.195   3074
500.19999999999993   3075
500.21500000000003   3076
500.23499999999996   3077
500.28999999999996   3078
500.40000000000003   3079
500.40000000000003   3080
500.43499999999995   3081
500.49   3082
500.51499999999993   3083
500.625   3084
500.66499999999996   3085
500.67999999999995   3086
500.73499999999996   3087
500.84499999999997   3088
500.90999999999997   3089
500.92   3090
500.935   3091
500.97   3092
501.00499999999994   3093
501.015   3094
501.04   3095
501.055   3096
501.08   3097
501.315   3098
501.40000000000003   3099
501.43999999999994   3100
501.49999999999994   3101
501.50499999999994   3102
501.6   3103
501.71500000000003   3104
501.77   3105
501.825   3106
501.98499999999996   3107
502.095   3108
502.15   3109
502.16   3110
502.16499999999996   3111
502.22   3112
502.255   3113
502.27   3114
502.28   3115
502.28499999999997   3116
502.315   3117
502.32   3118
502.34000000000003   3119
502.35999999999996   3120
502.37   3121
502.38   3122
502.38   3123
502.385   3124
502.42999999999995   3125
502.46000000000004   3126
502.5   3127
502.50499999999994   3128
502.50999999999993   3129
502.515   3130
502.535   3131
502.54499999999996   3132
502.54499999999996   3133
502.6   3134
502.61999999999995   3135
502.63   3136
502.63499999999993   3137
502.665   3138
502.67   3139
502.67499999999995   3140
502.68   3141
502.685   3142
502.68999999999994   3143
502.7049999999999   3144
502.71   3145
502.71500000000003   3146
502.745   3147
502.75   3148
502.75   3149
502.775   3150
502.78   3151
502.785   3152
502.81   3153
502.815   3154
502.83500000000004   3155
502.85499999999996   3156
502.85999999999996   3157
502.85999999999996   3158
502.875   3159
502.88   3160
502.88   3161
502.92499999999995   3162
502.93999999999994   3163
503.00499999999994   3164
503.02000000000004   3165
503.045   3166
503.11   3167
503.11   3168
503.12999999999994   3169
503.175   3170
503.19   3171
503.23499999999996   3172
503.295   3173
503.32   3174
503.39   3175
503.405   3176
503.41   3177
503.455   3178
503.465   3179
503.55999999999995   3180
503.69499999999994   3181
503.7   3182
503.71000000000004   3183
503.72   3184
503.77500000000003   3185
503.80999999999995   3186
503.84000000000003   3187
503.85999999999996   3188
503.87   3189
503.97   3190
504.02000000000004   3191
504.025   3192
504.09499999999997   3193
504.115   3194
504.23   3195
504.24999999999994   3196
504.25499999999994   3197
504.375   3198
504.40000000000003   3199
504.46500000000003   3200
504.46999999999997   3201
504.51499999999993   3202
504.58500000000004   3203
504.59   3204
504.595   3205
504.61499999999995   3206
504.64   3207
504.66499999999996   3208
504.67999999999995   3209
504.79   3210
504.99   3211
505.02500000000003   3212
505.03499999999997   3213
505.04499999999996   3214
505.04499999999996   3215
505.09000000000003   3216
505.12499999999994   3217
505.14500000000004   3218
505.17499999999995   3219
505.19499999999994   3220
505.215   3221
505.31999999999994   3222
505.33500000000004   3223
505.355   3224
505.40999999999997   3225
505.435   3226
505.435   3227
505.45   3228
505.48   3229
505.485   3230
505.5   3231
505.50499999999994   3232
505.52000000000004   3233
505.525   3234
505.53999999999996   3235
505.56999999999994   3236
505.56999999999994   3237
505.60999999999996   3238
505.61999999999995   3239
505.7049999999999   3240
505.73   3241
505.73499999999996   3242
505.76   3243
505.81   3244
505.88499999999993   3245
505.925   3246
505.94999999999993   3247
505.96500000000003   3248
505.99999999999994   3249
506.01   3250
506.03499999999997   3251
506.04999999999995   3252
506.085   3253
506.09999999999997   3254
506.14500000000004   3255
506.17999999999995   3256
506.22999999999996   3257
506.29499999999996   3258
506.355   3259
506.37999999999994   3260
506.38999999999993   3261
506.41   3262
506.41499999999996   3263
506.47999999999996   3264
506.515   3265
506.59000000000003   3266
506.67999999999995   3267
506.715   3268
506.72   3269
506.72499999999997   3270
506.75   3271
506.77000000000004   3272
506.78   3273
506.85999999999996   3274
506.865   3275
506.90999999999997   3276
506.92499999999995   3277
507.08   3278
507.17499999999995   3279
507.21500000000003   3280
507.31   3281
507.31499999999994   3282
507.3299999999999   3283
507.415   3284
507.43499999999995   3285
507.52500000000003   3286
507.56499999999994   3287
507.56499999999994   3288
507.595   3289
507.87499999999994   3290
507.87499999999994   3291
508.00999999999993   3292
508.07499999999993   3293
508.08   3294
508.2049999999999   3295
508.35   3296
508.40500000000003   3297
508.46500000000003   3298
508.69999999999993   3299
508.77   3300
508.91   3301
508.91499999999996   3302
508.93499999999995   3303
508.975   3304
509.02   3305
509.135   3306
509.16   3307
509.17999999999995   3308
509.225   3309
509.255   3310
509.255   3311
509.265   3312
509.28499999999997   3313
509.29   3314
509.385   3315
509.42999999999995   3316
509.46000000000004   3317
509.50999999999993   3318
509.53   3319
509.60999999999996   3320
509.63   3321
509.71   3322
509.745   3323
509.77000000000004   3324
509.785   3325
