6.036082151439604E-20     0.020470237283067627
0.0019961626230300187     0.020509944947361372
0.0036342118333674853     0.020508559603331318
0.012907486470891311      0.02061330941526478
0.015124290924193042      0.020542682923273322
0.02336373013325444       0.020636243700604996
0.026208119314298457      0.0206304697113988
0.027437734303652206      0.020533869356295864
0.036157171426556896      0.020584376392421496
0.041573512482453646      0.020629011028969288
0.04504209807749114       0.020644846091520938
0.04990399282909593       0.02064073797877613
0.05286941684856097       0.020593376984245633
0.06051165314390217       0.02068433057908535
0.0637290863760049        0.020721092737198746
0.06497114691358451       0.02065274661892264
0.06637362815807349       0.020609278516631697
0.06918851789315571       0.02065968312152872
0.07383645260558218       0.020710097361800798
0.07808228374724178       0.020738155697006364
0.07852112636246289       0.020708202328748503
0.10000000000000003       0.020711448459740853
0.12741092311093877       0.020768584488329994
0.1337330373418291        0.020744709330531623
0.146656053460947         0.0208479089774428
0.15539499059210396       0.02082287000821274
0.16340874380316447       0.020850598799841358
0.17551859509159118       0.021047858526516285
0.1800907880164969        0.0210979929526688
0.18546900354576684       0.02118357277226309
0.18707743296771057       0.02104689980428792
0.18926783414253623       0.020937975501708096
0.18970119713128045       0.020852849485021682
0.19953827894363296       0.02086991700571801
0.20007910150732677       0.020807304566749008
0.21229239375664916       0.020905723546612236
0.23167790897654544       0.021038353553110116
0.24380587089589634       0.02099156552757861
0.2713914007209276        0.02107812732738835
0.3025254540622443        0.02119027711024077
0.32323286788190597       0.021346892494833326
0.323376918404626         0.02123664534418447
0.3491961067717086        0.021195090123112426
0.389004095511767         0.02142161006791233
0.38908354542072754       0.021298255750472145
0.3955951502892544        0.02141742234809501
0.426093722400373         0.021429780730587454
0.47136112622634274       0.021601408691974806
0.4971686501878451        0.021384413426358787
0.6025608933466087        0.022676445973692897
0.6042929753482524        0.022261974786004807
0.6266036635200478        0.021663574357351917
0.7075346741151869        0.022580120489556023
0.7183371120346496        0.022377485259955733
0.7762188915110062        0.022783682897714735
0.8090129969950139        0.02221842873358723
0.8647263369692766        0.022034876244184442
0.8990595083897323        0.021828218037968493
1.1284530212951918        0.024087610351951873
1.1407714969817362        0.02294422591405739
1.1874324163184586        0.022916199429288
1.2118592517056197        0.023005851066823145
1.2362211066880804        0.02315594120158094
1.2670847282192703        0.02301656072765436
1.3051554798851646        0.023211218869741763
1.3496019594679942        0.02337610511204112
1.5000000000000002        0.02489366913673474
1.6353308600373047        0.027465554496163613
1.659935259622014         0.025204473007842426
1.6665802214771148        0.024128992825354457
1.6687538068983954        0.023669168715028985
1.6729272733367437        0.023634126651264756
1.689439627108108         0.023780344192734587
1.7668730032811317        0.024639425432733383
1.833207624899273         0.02470785349908495
1.885041466613284         0.024902344943780793
1.9616310843967029        0.025733317163904694
1.9703221892010279        0.02539189308434045
2.0209835816501287        0.025414233138380198
2.0671522746574817        0.025389424471710352
2.0870854445536686        0.025235305820824408
2.1215370098011275        0.025445293833178957
2.186714934939656         0.025865551893023395
2.2925223743342347        0.026682958541932946
2.300671418319148         0.026556000012090165
2.3301384801279337        0.02687459803448069
2.338569428551969         0.0264306536246757
2.348583268660322         0.02636529337555172
2.3641612058859516        0.027726708760064698
2.5                       0.028053677012100292
2.667205336562147         0.02721125739163338
2.705663742800271         0.027252257917987077
2.720000763683154         0.02722224080606131
2.7469258053305143        0.027427966860074305
2.7526459439390685        0.027334090543474875
2.7693124962075344        0.027514629154984267
2.8079794401157825        0.027479039890200882
2.8467619557066133        0.027281215906657982
2.9768703086945463        0.02826184964811361
3.056078775081008         0.028818879204328143
3.1147386497953367        0.02915999731554528
3.130029967524768         0.028555804674184795
3.245393573706552         0.029153066092780948
3.2808158312396642        0.029014320497079044
3.3423700923365636        0.029667914128125118
3.3783541169913294        0.029189360684765804
3.4681367566259658        0.02971021264093763
3.602382854535026         0.031566528724307485
3.662890024542997         0.03199723598857874
3.707485966857137         0.03218656837165851
3.742225681042759         0.031854199271196086
3.8168577244232744        0.03118690488686862
3.8437779333968036        0.030707596809228393
3.883412760609265         0.030434856386717862
3.9631680259593214        0.0307658691352727
4.021814502274763         0.031652235393256095
4.036899796393759         0.03134876473801286
4.311903864501362         0.03336934059681561
4.333580399612217         0.03145877884179491
4.388953585803637         0.030645266934671525
4.676431648189552         0.03334913159326064
5.076252062337618         0.035844073307870226
5.242988806839879         0.03599702767505457
5.305608038635508         0.03635757389016525
5.583482083175423         0.039891260070449616
5.61759377659924          0.03850989376352355
5.625767499358094         0.03718982486343254
5.626816953777961         0.035224176939972235
5.6287392306872475        0.033276538477418606
5.647770561967093         0.033087796427277605
6.057454924032756         0.038005725663020434
6.3435909954323755        0.04093099921500254
6.719112659663068         0.043030183679897735
7.2062141220458376        0.04657811007372101
7.27133922668427          0.044948194013863345
7.456373449688567         0.04636197219212083
7.612144836250383         0.046374877295814965
8.006290970496284         0.04993612011000361
8.193340899395016         0.05219014647974099
8.291925218058068         0.051677928520792095
8.367796444871239         0.04926193017570242
8.465777993414557         0.04922593832803225
8.951541645985456         0.055678811098699654
9.057734869278336         0.05590351051371041
9.063573055323394         0.052035436040609395
9.269023070551565         0.050869917279886934
10.411497643905493        0.06822282135308874
10.614289730052754        0.07051883547894247
10.698662302604784        0.0677527843734048
10.855763143904547        0.06627555966309663
10.931389839515976        0.06431684478489064
11.219309439335145        0.06417995144836489
12.170876052178054        0.07665396259165799
12.342638567643391        0.07666633379106175
12.41968571115963         0.07513632763978252
12.475192941894703        0.07042322223327802
13.818452484871099        0.09177694449550622
13.889741976240899        0.08821994333861485
13.920616677183503        0.08780810801329328
13.968732890399597        0.08415641152521433
13.986180777633283        0.08003011459166541
14.003182017229244        0.07984754186788273
14.300580247631498        0.08496676377263268
14.347838539428839        0.08513276497572664
14.957071727182575        0.09379562573343006
15.124972010667689        0.09218816918814587
15.35040041485053         0.09572018801719256
15.49681487524698         0.0963801558944025
15.901316113295           0.09902008453084019
16.53352816952998         0.11042971013337673
16.837561271563885        0.11486288357594668
17.194505866089926        0.11575607730366416
17.257402530694872        0.10954955335589986
17.704536846708027        0.11478635348243531
18.29288113736775         0.12223709870575591
18.32335551206168         0.11830216134120153
18.513459446114062        0.12176850896980192
19.144490757829452        0.13581444925672725
19.15344768542023         0.134916197085791
19.195602616731424        0.13046174019309306
20.276848251546603        0.15462859979677723
20.40586419105891         0.15054418293290403
20.514782111298587        0.14937827823477426
20.52229005170092         0.14266431119168776
20.538681642501007        0.13628561302850206
20.61063400925324         0.1393111210146588
20.69577333186126         0.14177638013732655
20.88140913514356         0.14643599233000648
21.58875029772731         0.16409740189022587
21.793282584720146        0.15931397443318135
22.07898742450589         0.16173660769127107
22.13695963034538         0.16288467655157277
22.256807477297823        0.16380098094338624
22.948570033890515        0.17524334558721538
23.76489613220043         0.19655342210717475
24.353165510620602        0.2080316905600949
24.413779923165244        0.19656192110879483
24.4739027028913          0.18888216949513112
24.722719056007264        0.19615187438752096
24.75246490712218         0.1937334985956802
25.184204999390307        0.20730789392576848
25.52132917942149         0.22114992370170153
25.77934190358145         0.22150076283535758
26.41688490794335         0.23544681884988025
26.6066622018345          0.23275988802221903
26.634108481229383        0.22873700463956373
26.70662671879218         0.2293426179905766
27.38584929103154         0.24886413980099717
27.79107278970482         0.26047862856007076
27.8737317313074          0.2550375425245329
29.02416688949835         0.2953451908734137
29.079252453844752        0.2813387339485254
29.461830339972046        0.29161000468093695
29.490250748948046        0.2836324370715715
30.40527263607444         0.3218906138083384
30.50919874619855         0.3246781474827124
30.571324076137255        0.31601498393886396
30.834590875781306        0.3148459344028265
31.00947685053508         0.31852575430361385
31.605479124170756        0.34755353974707376
31.63699773993058         0.3349863179830636
31.641540453380937        0.32462214589477345
32.41689507278936         0.36030140668205934
32.95667339551992         0.37676594273274
33.050818788649835        0.3672820130641896
34.068979966424195        0.4257123557457744
34.087474327540406        0.4147604356346564
34.22880561094554         0.4056566850371331
34.27636894536662         0.4018380449166534
34.29912739512897         0.3949966408707088
34.35447864566509         0.39041309771028504
34.37306774741417         0.39168146849712915
35.16502054698144         0.43195696994226
35.89788580447125         0.4692055735984908
36.00660103343576         0.46940288602748514
36.06924056950308         0.4643541925197106
36.65041370691711         0.48523917079585166
36.67926854556157         0.47606859354797637
36.71932166530508         0.4717612619224515
37.38354110313603         0.5019685667644334
37.83556616960026         0.5282657701931699
37.947332578373725        0.5274582974235766
37.9817327211172          0.5137477309937735
38.033171900400355        0.5118441179883157
38.85002861221621         0.5624286606074336
39.01209430518006         0.5541836976048446
39.4619223377589          0.5884487141233221
39.46580453428439         0.5769466441055683
39.61371191553951         0.5780044002982332
40.44151749801104         0.6358075057186413
40.61312369319673         0.6232653858504706
40.86069353165683         0.6251444096503246
41.46858226619737         0.667994195754409
42.027723811608965        0.6943076198273315
42.25823178613262         0.6999300626447982
42.54277220170916         0.720919262678339
42.74407099794996         0.7279008327571957
42.875099415777484        0.7308144267015092
42.99789562459758         0.7370041290215342
43.14172069945632         0.7345050090194993
43.32018109119198         0.7382219046576991
43.84784924430341         0.7895338271362722
43.86993915800517         0.7777836479622425
43.9043467252118          0.7787775048991777
44.30880522135063         0.8041551266344629
44.55804587778481         0.805949814818185
44.58209238967687         0.7816187572829308
44.59353442249545         0.7691173939747857
44.60632962030072         0.7721553458570458
44.633372790348744        0.774385919911438
45.62365280938723         0.8698723535501651
45.96749587109568         0.895993825385804
46.27422117401325         0.9323423368492543
46.448690050793175        0.9377315925027188
46.52184124507484         0.9178765005840459
46.7214612061713          0.9065298052023465
47.0860516287174          0.934410911739604
47.30017138529418         0.959830914164296
47.45856210833819         0.9752209121625318
47.95891951976062         1.008268888635645
48.47170744022073         1.0466531639863992
48.52859346975264         1.0233392599375493
48.639270037275345        1.0252034685689981
49.157260850840714        1.0904640750630905
49.17740487324542         1.077294172636306
49.27164790470945         1.0623234623592932
49.33336277257284         1.0436326279655046
49.357800904073976        1.0448772393379753
50.201992890415106        1.170367662601218
50.30959148611224         1.158915028573044
50.61884109386261         1.1554908258540073
51.067147367494826        1.1929086201046535
51.49351430093067         1.2221047147041428
51.785389494159745        1.2273097963239128
51.788327023997944        1.2112567280760795
51.79035753692796         1.20232153868702
52.55842961462433         1.3167818343280993
52.593989406560794        1.2880915703066367
52.847637415640726        1.279898051023082
52.88273687627081         1.266453724037919
53.40953499324499         1.3387996732585683
53.83878040204333         1.3569769690835871
54.26589881135887         1.398676544139964
54.49214053530268         1.4211360345376876
54.53026635804399         1.3961137005389002
54.56180490573772         1.3826645759143288
54.73256514631159         1.4082098381907033
54.87238469493369         1.4062834343262605
55.49883014334035         1.493523530601054
55.746512202939996        1.5092834876923145
55.81026157000453         1.4630107243347885
56.01223099191738         1.4718586207376343
56.16085446733581         1.4846544864598772
56.86801413856169         1.5497558304773205
57.193718935529915        1.5340704443638131
57.4645133760998          1.5578388962771148
57.81515324350116         1.5893192930718447
58.026946431772025        1.5971686200176518
58.100944580110976        1.5864088240249727
58.535575571246696        1.6026229467044555
59.11610584528208         1.6745154786368113
59.19650994458463         1.65352459035245
59.34685690316389         1.6236612208876242
59.89786167320348         1.6613332082568193
60.800223900243935        1.7935959508391994
60.820427772237586        1.7900848185709002
60.822547760278795        1.7573223067150234
60.825370661519266        1.723061506954858
60.82837278856985         1.6557384608426204
60.8294410118686          1.5692714719294143
60.83848273542253         1.5506861866167903
60.842771380209825        1.5590322966225392
60.88774993627344         1.5608593784206688
60.918895383053275        1.5601201180993791
60.97693715892877         1.5823603140312457
62.50837286437796         1.8162769790056212
62.56397803790778         1.779055296087525
62.59602448491051         1.7876428231935821
62.62180869288251         1.7313511516486364
62.69171961945175         1.6830221648253154
62.77490397286225         1.6716640708354054
62.91361272226757         1.6235832358691558
64.30572895818513         1.7345902016879848
64.57705073670151         1.6758038599343426
64.73154420661143         1.6550036767840224
64.77401323361576         1.6100771045265
65.11938415161508         1.606436841275696
65.2869533069485          1.630768464677669
65.6032450855691          1.6261498725811898
66.05789832233496         1.629187721054377
66.11293264743422         1.6262544918675763
66.15616680428518         1.6198393233771737
66.30306475849169         1.5957475232555158
66.40293169469655         1.5766386565518908
66.51763594097463         1.521589621760786
67.0556482995076          1.5216092068470126
67.24086552002319         1.550829552826357
67.57612599571249         1.5664940586268905
68.01549761184894         1.533154891031756
68.06525741696167         1.4797987620889237
68.26669578632124         1.4505946582020268
68.57164080806984         1.3901104427323987
68.8576603276258          1.3737221903556338
69.30190011995268         1.3922278259529737
69.4160507892494          1.3143529050028517
69.64016231271523         1.2270910921377522
70.64504940169088         1.2572683973219125
70.89294952805227         1.260187112570108
70.93041755862176         1.1810638517249008
70.94437334192735         1.059700262240282
70.96566685772427         0.9736158857733891
71.04103002955291         0.9099784429536613
71.13076766815597         0.8796586584821268
72.3803607553867          0.893556141952287
73.03813158131946         0.8864632735964392
73.2345047408819          0.8428105343175082
73.41627750806465         0.7706338471030669
73.88153341845063         0.6712798885328385
74.19985324035943         0.5682582964934069
74.75309054020983         0.5501977916317576
74.89082065636514         0.4968066746615677
75.43897402631228         0.4061264021901114
75.66052674008654         0.32066207984970374
76.38294541122241         0.27604337600309625
76.5174313204985          0.228530090662303
76.60328746458819         0.1807285779081699
76.64317251643364         0.12530920462837541
77.41253527914898         0.04575100363988765
77.64179028512868         0.021520143682323963
77.71250632909658         0.016415055863661612
78.37954256599406         0.011311996272163581
78.46293612513618         0.02877302155825096
78.7316535805734          0.05063289070475772
78.78399020995715         0.09661244212235229
78.8758724234153          0.1518694188776945
78.9892063307809          0.2037812195745976
79.00512439541134         0.24201645376727632
79.29894308706064         0.22233077479987534
79.87449321450349         0.31735166276326254
80.15307413640095         0.42964524478461086
80.42130332037674         0.4422745033765294
80.6021183028733          0.4622673531545672
81.37980058400842         0.46782006349651994
81.56964812618327         0.5140035198576891
81.87880207967306         0.573217689790847
81.90642249280668         0.645243591300459
82.31318473448823         0.6857446183521625
83.25461643309828         0.6652040959679503
83.28626363347814         0.6845458632939567
83.64598828374804         0.7131937638498773
83.77775042971209         0.7907469794500052
83.87047891282668         0.8548594008369051
84.0071121754185          0.857527050339247
84.01947856411856         0.8612268824648247
85.10293228864766         0.8448736461376154
85.48915021543615         0.8585002694643745
85.53154623820586         0.8668056886266913
85.72893570090986         0.8980498209924447
86.11196849154777         0.9093321178552409
86.16184405509719         0.8951222147779769
86.3009850677918          0.9089113924310606
87.74149141035355         0.9206219491614807
87.75114562419573         0.965364170341728
87.80483781550498         0.9639029719736847
88.45893678988266         0.938471861680312
88.46613148146983         0.9453421386940457
89.0014241894277          0.9919400693805784
90.07552048673266         1.0003406560339196
90.13614200207186         0.9964062770267241
90.17536807977035         1.0015936205508424
90.6470045082956          0.9978403958241655
90.98285018649112         1.019269171209634
91.1246478770831          1.035858222797808
91.93292303715738         0.9942050124867505
92.02506821521958         0.9779837754205176
92.24210750647681         0.982442926843209
92.72984844453865         0.9844228392590041
93.09885008875169         0.9568121976605022
93.38133079438865         0.934765440206921
93.68393838103123         0.9289924709360053
93.79196005955629         0.9398069873057686
93.94317607437472         0.9410819534092303
94.004836382482           0.9373788924172936
94.49178160986996         0.9194286860922085
94.89130913065068         0.9117283825568792
94.98983168655984         0.9121112833776963
95.18978812874622         0.9186972239516971
95.40915976128558         0.9377038951187529
95.691428892435           0.9165592103730548
95.8231282047097          0.8891912557026976
96.72402457958735         0.8677379066276714
96.74476373196141         0.8828636684706305
96.90968241333594         0.868517106069049
96.91908104606111         0.8613318509581608
97.16627762773146         0.85173903016014
97.18073112556168         0.8566738250303692
97.92301274309831         0.837031272475361
98.02901218035697         0.8305443613818577
98.84204340775692         0.8050754662300014
99.13127350785851         0.8054204127637938
99.14847869437396         0.8020736367224034
99.15044346853571         0.7928017974453649
99.15433154235807         0.7861308548028517
99.17750067379946         0.7808759694207233
99.18521409161515         0.7769510439074356
99.20815435521929         0.7768938791175122
99.22215044518721         0.7745533454279534
99.3508036149039          0.7684930473431827
99.43704174583036         0.7673373016177902
99.50059704190437         0.768629239350817
101.00828635205626        0.732499012888882
101.28080955705215        0.7275221960570764
101.43114223692842        0.7062996533782862
101.49679402021755        0.6961993993206478
102.42514971434667        0.6790946373426348
102.49798205800973        0.6863435209731159
102.51467488500927        0.6937871096719227
103.10695755036889        0.6785310528627213
103.55734565330759        0.6510061483075504
103.7306815957688         0.6371338386670559
104.02756127897884        0.6251374140400481
104.26901583814178        0.61520275237702
104.72392534123085        0.6246309284303784
104.73009657314003        0.6327394297323923
104.7389820765878         0.6173739763568185
105.36581720207776        0.5991237431402522
106.2884094618185         0.5715580735555081
106.41847685909698        0.5623895528109418
106.45790239568402        0.569102475109554
106.47946666984532        0.5584025343055881
107.09202925249735        0.5290518453976477
107.11944303793453        0.530809961451174
107.12441084649399        0.5329899097642941
107.26342739794046        0.5297933367672953
108.13336868951139        0.50490034219326
108.13642069073666        0.4972356710423373
108.25791711704244        0.4956087818979527
108.83576582040843        0.48302008062384455
109.84298417675744        0.43348408361168994
109.88631069668357        0.4109575551768621
109.94834649441108        0.4181211078232291
110.36608455472583        0.44209018312511494
110.75712268346678        0.45608194838287536
111.02156820840291        0.42377171782625067
111.32581916954011        0.4068475390668322
111.34073931450052        0.4128837262677407
111.39548575422809        0.4111674975364832
111.43876501247865        0.40959955762924183
111.96950834420238        0.4055780570021179
112.35737197458423        0.401649813282004
112.79409987686415        0.393347863152307
113.0769903317387         0.3780869041041423
113.5201282020075         0.36322163674337865
113.58734047817079        0.3471071747555303
113.83037084716648        0.3371091482537947
114.08319071809399        0.3422623848152174
114.55751697812768        0.34468917811344824
114.8797909801109         0.348387697529419
115.15271903988423        0.3456630975727263
115.25223631925584        0.33750468037339787
115.7957414697708         0.3281320418061948
116.59773325024283        0.3155343043348042
116.61418926435586        0.2738493360561626
116.62714152338536        0.24034142958698337
116.63210998789934        0.26918036833111086
116.691652330512          0.30041593522790255
116.75720135743488        0.3069036431432377
116.78964967723392        0.30856120691956246
116.82980263167302        0.3134187147257389
118.22728521551531        0.2981383439729609
118.68383602680757        0.276646569649245
118.83416755709314        0.2660928230180024
119.74494923138019        0.25834096322118355
120.00000000000001        0.24502616587098525
120.21103571256744        0.23221248760600433
120.32793727649849        0.22515065968391618
120.87281758857543        0.22407254325384418
121.06348270034559        0.2308342086775187
121.48881846196738        0.22685177012493596
122.13451418310582        0.22056450271350772
122.26419655975573        0.21858972363372775
123.4374198381183         0.20707105017138427
123.59122740766232        0.1996470000731686
123.79754545089025        0.1941169063430404
123.96253101782622        0.18741580770605326
124.176561960702          0.18238008052513027
125.00000000000003        0.17520919247232625
125.37349726051673        0.17264378615712445
125.52282146906956        0.17251246155460953
126.53879633852065        0.16570395099319807
127.53129651725953        0.1592095758042144
128.74628051838965        0.15337271633909477
128.79824405081226        0.1433896062846327
128.98022610419542        0.13631349672461274
129.04445662535943        0.13673159801112356
131.19712838541523        0.12791783447321142
132.1565592352561         0.118479130010191
132.3818367924709         0.11584813924251654
132.86886291474588        0.10703054917526364
133.6829346996073         0.0981210810602226
134.58350600253476        0.0953623422512583
138.30895605222508        0.08469553617066314
139.09091254173302        0.07507237236105913
140.4943547970176         0.06815890092435228
141.97574847831123        0.06475431517088531
142.36795152172           0.060789721153167595
143.1990308548788         0.05269171164000602
143.60252478011904        0.04856778559732752
144.8486265040978         0.045652552638212406
145.6427762057566         0.04287178071757017
150.09486904740308        0.038937817274319844
151.7198339528734         0.03557772978471204
151.91893997323842        0.032657708434658726
152.19509522260972        0.027610926775133448
153.27531076894974        0.02474130168882132
158.9295777126651         0.022082915168151775
160.112983831265          0.018397737496618216
161.4188188004905         0.015950777819854642
165.30787772736534        0.01426957873092816
165.62886438736425        0.011685330358426102
166.49955953411774        0.010242353543401056
166.73234685831136        0.010475312931394752
169.79839588562163        0.00990817959146589
170.48986082260453        0.008561448741772979
170.90335836659582        0.007985919900905452
172.06343569793893        0.0073600655664534265
175.44949009945955        0.006726411731776092
175.83402259636418        0.006859494687212588
177.1587859959896         0.006118440034152773
178.59537378918577        0.004883880816532929
179.6559318443709         0.0041651147233645654
180.50448872371692        0.0038084759027117165
182.31099583553805        0.003612233726368635
186.99534820184027        0.0029420483195823424
195.08993897126024        0.002466058200633437
195.2215245821362         0.0022989668549212253
195.2251772379689         0.002072057084358061
195.2334810621061         0.0017339535282628132
195.23875198969728        0.0013904545547850065
195.2405371318254         0.0012233080969273433
196.31360064256634        0.001121322484256021
204.01347515368843        9.883973667373517E-4
204.01668990961264        7.956449866860195E-4
204.01885231850804        7.106537406951353E-4
211.67131597147556        6.860875604461371E-4
212.79313851303755        5.955052709261564E-4
212.79470028647998        4.62255277900569E-4
212.80273421995486        4.0645573060431794E-4
212.8111204354951         3.9376491791457113E-4
212.83445962577085        4.041533079130582E-4
220.24910670976828        3.7883682281292453E-4
230.31934898584672        3.2433251188170156E-4
230.33371122804374        3.051361894863716E-4
230.34197107063994        3.04526242030484E-4
230.3518857813788         2.902283012578919E-4
230.3521717292412         2.5324220966677644E-4
230.35238590023522        2.191176007140885E-4
230.35517303753392        1.897931767353695E-4
230.35604425776114        1.6053569914404703E-4
230.35973053224893        1.3074124566378627E-4
230.36383178465255        1.1998590321670496E-4
230.39194590973733        1.2826540527396043E-4
238.08151835882535        9.194895786620228E-5
247.89992936828062        5.56419861869758E-5
247.90752875363302        3.923363963929846E-5
247.91067898287056        2.5960418240034266E-5
247.91263041170976        2.9786401272450627E-5
247.91378156814716        4.458884893233078E-5
247.9141372742343         6.43858926429969E-5
247.92226396000828        5.98873106532669E-5
253.2820418163856         6.735129043344155E-5
255.08757834371727        8.471978504531311E-5
255.4930020383054         8.444056239918787E-5
256.6914439924044         8.573766270209503E-5
258.8136950276102         8.758678217542348E-5
265.47269194840464        7.218425378349996E-5
272.5386936249114         5.614738947554302E-5
272.5928061170007         4.0351820246745424E-5
272.66049187697075        1.450705468068047E-5
281.2344467050997         3.988300564593848E-5
290.0165411813201         8.334599731571264E-5
290.44495611954267        8.779652931388326E-5
296.9962014617947         5.797001335746433E-5
304.8770788401422         2.5954666266658878E-5
312.7579562184897         3.587307604931057E-5
321.3208752976084         6.701454957894466E-5
328.51971097518475        5.825251207377885E-5
338.64499920583035        2.568527325824304E-5
338.6464486774537         1.1492772986590776E-5
338.6501593685766         7.61598433877585E-6
343.3062085826869         6.223284391603225E-6
344.4914338748056         1.23510205360809E-5
344.5657307843777         1.9871429831910106E-5
344.850632314541          2.735072650137175E-5
345.6819500120171         3.774446814312848E-5
347.4847915256844         4.551117442207608E-5
351.58219952065144        4.628365139106828E-5
351.5844034109496         4.191437763118187E-5
351.5849412655557         4.99692087184983E-5
359.99848898939604        5.831152713427351E-5
360.01669749144895        6.140616888173884E-5
360.01692865701006        6.32533459580878E-5
360.0175823121943         5.688225182693603E-5
360.01879810600707        3.814064800553869E-5
366.39304966711995        2.4522289723949618E-5
367.8916014119728         2.45976709482139E-5
367.8919530098092         1.939496137516144E-5
367.8929427134739         2.986816713464515E-5
367.89417017453684        6.084997146050221E-5
370.8447305688986         7.608207433107433E-5
375.76558166681747        1.0039760617291271E-4
375.76749949406116        1.408830862170435E-4
375.76789458138063        1.838423015495935E-4
375.76869470701445        2.3005304921751537E-4
375.7734102667124         2.5274055288099315E-4
381.0003116651328         2.560375276163538E-4
382.9895579310217         2.994449627426329E-4
391.5021094127298         3.4293821568204095E-4
391.5076558823319         3.6576415748199097E-4
391.51119777070664        4.095425221995382E-4
391.51530179019505        4.916824368049045E-4
391.51581933261           5.442152818652154E-4
391.5187780350884         5.858510442316177E-4
391.52416809623116        6.382590894571742E-4
391.5844439949409         6.403791030389979E-4
400.2053186571601         6.893819215832578E-4
400.3916005808509         7.915461730261726E-4
400.61198125961283        8.618792280443096E-4
401.48605663575853        8.787632014414051E-4
405.8252334960603         9.06770936823506E-4
405.9539957639556         0.0010386661800571041
412.6915274900332         0.0012022780014981365
412.69437921514043        0.0012608159631994872
412.6961087755879         0.0013168313121566873
412.70034095055854        0.001452161515278555
412.7057092502612         0.0017002583704593156
412.7093134461277         0.0018058474336064576
412.7243538401359         0.0017426584818398417
416.71513969233774        0.001940612654686451
417.72189198885474        0.0023149493974813926
420.6050400067771         0.002493837763173315
421.33378590496744        0.002500094139374209
423.512231976609          0.0031472299128730823
433.8278790356165         0.0038573946443495404
433.86714600192477        0.0042002060921903315
433.8761358361585         0.004809215923950255
433.8889076695316         0.005961059388557894
433.89608561184764        0.007658492753382016
433.90752651495467        0.009456353049549716
443.92826227448234        0.012037971630553115
444.6410552232795         0.015148601046672688
445.33941171231345        0.01672127231808792
445.7060510861447         0.018523756210059413
454.34135284723277        0.0229189606583207
454.3434697852964         0.025020274459440613
454.34739793598203        0.027926862733472297
454.35049451116276        0.03274333324830064
454.3544727043243         0.034504052029801495
454.3576345896655         0.03534449458636332
461.08871224077484        0.041311057782379854
464.73549489224155        0.047072083691846574
464.7620247473301         0.0478486786854052
464.77228556174435        0.05238749553588105
464.81083817513456        0.0597819461311402
467.538558885324          0.07025232131259451
474.80120509940133        0.08104420682771982
474.80120678998924        0.08635043247577076
474.8012071437122         0.1101042706040166
474.8012074270602         0.13534558654676881
474.80120823610315        0.1539036950206335
474.80121202944014        0.1656681103861042
485.461909882632          0.2236498907033874
486.70002964724677        0.27226518701448477
489.4348151744985         0.3070846599164271
491.4848420126792         0.3356183140606265
493.0260588233561         0.39893274464963546
498.0945454949437         0.5485321950055303
499.12418343607015        0.6182101390327157
499.2026216088501         0.6717747278474188
499.6019891760579         0.7156968398550786
499.67807140862556        0.7271426229302156
500.88209323861906        0.7840593233781175
502.1773687534669         0.8622717117597212
502.5950419927732         0.9132278850574181
502.6821401306108         0.9278225807137712
504.37097572416326        1.0599787887386531
505.70918302556           1.2085473766136499
505.72869660498384        1.2210863419155997
505.99882309791553        1.2493082378217752
506.7786424226549         1.32438312714251
507.27064980549346        1.3907749516039487
508.4039135152367         1.5316654979826734
508.5161969141272         1.5767913103716513
509.86867629899643        1.8440632987135699
511.20069190347306        2.1885508590864724
511.8717117122384         2.3992930179672642
512.4394041107412         2.595530825229448
512.697003510906          2.685611844396867
513.0820287300488         2.8494330884178414
513.5181178702364         3.063224580008935
513.8973515231519         3.2088947574222333
514.2050247239956         3.3132188694811777
515.3688152256352         3.912103491254362
515.4265759072143         3.9588634043372704
515.5237349278254         4.063437902973687
516                       4.379682272063345
