0                         0.0203304677378827
0.025000000000142394      0.020583258443901728
0.05000000000028479       0.02057922097175777
0.07500000000025722       0.020690934209913994
0.10000000000000002       0.0206963655387283
0.12726636524969195       0.02067037009871813
0.1606745802025381        0.020800304984731906
0.20285261135156873       0.020864954839853046
0.2561026260673816        0.021014241310735215
0.3233310857652421        0.0211419090805089
0.4082074152359934        0.021317184180736293
0.5153642850332105        0.021602664669427278
0.6506504094632283        0.02191386124155943
0.8214249932746168        0.022438623746295506
1.034082300604459         0.022945807757198983
1.2793776098231782        0.02339347615437957
1.500000000000004         0.023739417648281372
1.7239041341815173        0.024487698297099035
2.0112018669116023        0.025581783206219753
2.286361725449359         0.026316686293907005
2.500000000000004         0.026702409754341665
2.7076407376090965        0.02696376853394229
2.972463697447478         0.027982473311449495
3.329464584501225         0.0292518357401183
3.810772835254066         0.03093013573974761
4.457612987612399         0.03303635238755226
5.321197375957957         0.036617635383833905
6.471247937615397         0.042166078681618833
8.002718234062591         0.04895634702434909
9.880991482752034         0.060251618925157194
11.839783661044331        0.06986319464833081
13.813347575179264        0.08231875438265122
15.793551690282584        0.09786615343611799
17.778862785580113        0.11225827820226268
19.768266280138103        0.1281657649066631
21.760037157720273        0.14962127351662377
23.75187906294408         0.1674837611713067
25.7437209681678          0.19017182410389682
27.735562873391522        0.21555722093354288
29.727404778615327        0.2372451778328367
31.719246683839046        0.26003020453904085
33.71108858906277         0.27719970443201736
35.70293049428649         0.3002504577800091
37.6947723995103          0.32366018964081206
39.68661430473402         0.34472426985472343
41.678456209957744        0.3591742509350672
43.670298115181545        0.3713281443953644
45.662140020405275        0.3792585434881675
47.65398192562899         0.38598705147397805
49.645823830852706        0.38928462521192375
51.63766573607643         0.3859010175977634
53.629507641300236        0.3775166973494813
55.62134954652396         0.36412099205714876
57.613191451747674        0.3500212615123766
59.60503335697148         0.3377161559963525
61.596875262195205        0.3201423414864061
63.58871716741893         0.29842386611590627
65.58055907264264         0.2788292756336259
67.57240097786637         0.2575580668947498
69.56424288309017         0.2370722238282706
71.5560847883139          0.21450809254241138
73.54792669353762         0.19304771385199754
75.53976859876134         0.17465353202241668
77.53161050398515         0.1586772661188918
79.52345240920886         0.14398227735666133
81.51529431443258         0.12920490388769618
83.5071362196563          0.11372148448149248
85.49897812488011         0.10119684952611013
87.49082003010383         0.09096870938201743
89.48266193532756         0.08084627465410674
91.47450384055128         0.07006848224861584
93.46634574577509         0.06167185644934485
95.45818765099881         0.05499066683501852
97.45002955622252         0.04785838437535997
99.44187146144624         0.042729447926870306
101.43371336667005        0.037560323350330264
103.42555527189377        0.033183390582343944
105.4173971771175         0.029218331681414637
107.4092390823413         0.02514775896590394
109.40108098756502        0.021950678512416704
111.39292289278875        0.018931874268073433
113.38476479801247        0.016754816660614145
115.37660670323618        0.01531862640974585
117.2800515208956         0.013551889935642571
118.83440716402875        0.012055933085701282
119.99999999999999        0.011847530733366328
120.97644612306328        0.01084388480725147
122.18079305192836        0.008895250461596473
123.58173355858291        0.00826963768708257
125                       0.008242781714515016
126.96963018221801        0.0070046063749912785
129.6143706214346         0.005668471456923898
133.1720025746365         0.004458127252790547
137.9605814758382         0.0031841631978355976
144.39980707856168        0.002078438231668183
153.0599823248526         0.0011837571712720275
164.7079209538171         5.482775494876048E-4
180.3281739345267         1.6348190891861582E-4
199.90386880976277        3.345714560169498E-5
221.4129395221598         2.972184185361605E-5
243.65851797153366        5.082478581427848E-5
266.30896834298613        5.599243040192675E-5
289.10153783049316        2.6938757746458335E-5
311.9230476925411         1.6429638184491067E-5
334.7485407344984         3.0824441582347926E-5
357.57381393111984        4.165400743203977E-5
380.3928458456319         5.0557587624367565E-5
403.17128515610233        8.260704605299497E-5
425.74289087309194        2.753511913737993E-4
447.4513278394863         0.001125740521460849
465.96043895261477        0.00393019425882901
480.1149136186318         0.010103143313011088
490.63940989697755        0.018920292436494672
498.46604635165653        0.031451900728276076
504.28873051053125        0.0479069933883224
508.6109705618385         0.06520693785187309
511.82817561169855        0.0812419774027766
514.2174239235192         0.09312302432172251
516                       0.09832253556064265
