-2.4739160379286776E-21   0.020416686961545152
7.072992442657412E-4      0.02039909035075243
0.0023036398510900046     0.020371951581875908
0.015215395304826037      0.020536629968514894
0.01593669060620772       0.020489140986527005
0.0188658265692242        0.02050590215608821
0.020927221582703326      0.02047883184541692
0.02160266968009575       0.0204652549328451
0.029086583186304305      0.02059637025582225
0.030999845666747333      0.020550251576330968
0.03651622942830007       0.020561981484380265
0.040911286770176795      0.02058424983598202
0.04133118591309716       0.02055764071598088
0.04691080712875145       0.020597460504494944
0.05668773975872385       0.020695812132890387
0.059714131793268344      0.020665844336387358
0.05994233353046122       0.020605550957730596
0.060618571446316195      0.020566761255278246
0.07141437663235076       0.020707460659661885
0.07275991748262965       0.02064594964649393
0.07337977289120454       0.020580835029787935
0.07915204184353741       0.02066102875588975
0.10000000000000002       0.020676339435857394
0.11918746231668448       0.020649917025680836
0.11929204461435317       0.020633179057536127
0.12646095894161175       0.02073637445865832
0.13339213102566017       0.020706570865304134
0.15364934188008905       0.02091122925490562
0.15656400985812668       0.02083765775080934
0.16776734480704186       0.02080325918456994
0.176032984059528         0.02077149061995242
0.1767733188334407        0.02076980119386328
0.17820736132948556       0.020630290726179737
0.19589390372152005       0.020794307942652003
0.2150428191953606        0.021001342130417995
0.22005578426600073       0.02094344933985654
0.23358125581540282       0.021010314501858585
0.24840578274322372       0.020966105545872186
0.26827742230755475       0.021060933712607893
0.2897511415133263        0.020988737016595295
0.3231702766361816        0.02114296510348215
0.3561566147312866        0.02151164737683893
0.39119566271457173       0.021678924225856388
0.41408089209952365       0.021534126850148622
0.4201311830239012        0.020943244983965027
0.5532007643856979        0.022587849640464498
0.5676709064795719        0.022566231382970824
0.5915950856360443        0.02250743699866347
0.6052918301561915        0.02163855577284054
0.6183068513454077        0.021247436993594188
0.6236760215809461        0.021073583877583645
0.6412648276641836        0.02078184896697583
0.7950823758149888        0.022194337325438157
0.8802561046450565        0.02293312803893955
0.9063912342037403        0.023407732348925132
0.9607885742531637        0.024030126523739058
0.9716825390893262        0.023234672665012158
0.9742832205596574        0.022650608971387702
0.9934046294587965        0.022622822485677103
0.9972657584658717        0.022088728799050217
1.001065210643206         0.021554358025096244
1.0353582859766857        0.021745695895146203
1.196288904996541         0.023636768782202493
1.2381960495448097        0.02334307033766681
1.240259949307378         0.023033586171655164
1.2681092655854023        0.023097392203645616
1.3572671325259236        0.02376615151342293
1.3737480791802557        0.02349583043454286
1.3812025953527987        0.023092401893720207
1.4999999999999998        0.02390905246596776
1.5927853333981807        0.02437521963487882
1.593842599410332         0.024123610794399855
1.6009473934069167        0.02411707652164965
1.6132325933685705        0.023849882880258036
1.6200186430914314        0.02361728144891449
1.6433787641867037        0.023903837419023168
1.6573201557181885        0.023891482362136972
1.7054839698421986        0.024492636663890833
1.7120743430600316        0.02462888056668052
1.7728492090378205        0.025126582384892387
1.7828172918425773        0.024556191604889557
1.8326020772193126        0.024966639187097427
1.8461163434291783        0.024820211485596815
1.8805562436003596        0.024702696737551745
1.9716691012794159        0.025418669824764636
2.0034958165156826        0.02517713799567766
2.050156036376598         0.02513985196585443
2.1292263749617777        0.025937489550096372
2.14289790399812          0.02575683137637281
2.1932712135040884        0.025821805705657265
2.1948476187391948        0.025567176187529735
2.2209946637360347        0.025783379221866853
2.2799317904780394        0.02616607453330956
2.336471373219663         0.026452844088276826
2.345659661821763         0.026079719440997105
2.351776379467696         0.02588787624975335
2.3599386211722395        0.02599048477091194
2.3957508135125574        0.02663216593136255
2.5                       0.02733254410055174
2.5755257882257285        0.026643918702230714
2.5781569597297405        0.02664866441640456
2.613155363080413         0.027066236557408276
2.620454623254333         0.0270950456315039
2.621970575693217         0.02687493415058654
2.7116060425717237        0.027906596900714495
2.7153233136114276        0.027807757506773438
2.7192712956732175        0.027427246829172643
2.7269018351441128        0.027129710051235115
2.7497943836526995        0.02732444224418803
2.7654043865451383        0.02713708408991569
2.7708570305762006        0.02681135390308059
2.8470646942397813        0.02785749371729032
2.8610154045669303        0.027655488875154084
2.9861095038622962        0.028550338636247397
2.991271643196761         0.02775345189804318
3.106562937849694         0.028565203471216136
3.1242510639672285        0.028419726471141785
3.1847933782718716        0.028590676076255452
3.246186866580681         0.028834811092687936
3.2824306889790646        0.0293126345076
3.431063014696968         0.030986532915025847
3.437191319008262         0.02996303688631346
3.4537453262466915        0.029021687200033723
3.5260394359236433        0.02907026532705295
3.5574970033631312        0.02900278475919429
3.7535112201830203        0.03061881649249552
3.789814650881742         0.03015191355644274
3.8476682197498837        0.030450111888603765
3.9697983104940695        0.03159395528027661
4.1428589206003075        0.03333425496600012
4.1664780876251974        0.031781464707396616
4.192804888272527         0.0306525680713147
4.407422390627048         0.03325399767382456
4.514402104928932         0.03438779447750842
4.575362737943965         0.034155073960744894
4.6577046252112595        0.03368185432159741
4.679478581351404         0.03223955130365285
5.064168215782148         0.035859333574030185
5.107935711158355         0.03579345929620202
5.13703089738226          0.03499808860769254
5.251175383276945         0.03483081265248866
5.675926433044745         0.03990670148812613
5.67666181732581          0.03813531794038181
6.146628033899693         0.04410141520360698
6.195390249060745         0.043450671564587956
6.335357066191241         0.042747989092390616
6.445589584536658         0.04089566262421569
6.537212195732023         0.03894330056190115
7.317326722047843         0.050157965866914456
7.447921798107139         0.05097800259309816
7.604842442870318         0.05087317534364993
7.664652718425298         0.049060818715652134
7.755743764275561         0.04662469644131766
7.860104927721981         0.04567560024114168
8.014845697722153         0.04777876118488575
8.06543952802992          0.04753937459168525
8.491452031781368         0.049988778109680776
8.6538416680397           0.05000206634186841
9.07258571045383          0.05496609833692201
9.825433718137457         0.0625127796273516
9.889291125516765         0.05742278118940701
9.929249616992585         0.05334530416330673
10.145062508115199        0.05484521302829571
10.718342183811437        0.06428747339651564
10.770895089969317        0.061965978901253535
11.056653240703788        0.06332532588377185
11.087016268760292        0.06476225356807425
11.718472613407425        0.07170187070804318
11.94426282563271         0.06811686786628782
13.117882448641996        0.08523823684231148
13.157408049295245        0.07999031960614958
13.337126079559518        0.07987333789793165
13.363441682820996        0.07764924778986398
13.442411988842665        0.07667218137958287
13.485045437142553        0.07547704950533837
14.349289889754417        0.08959193805424599
14.69885906246014         0.0905614993377166
14.838601038268937        0.08637783468137622
14.87165494517917         0.08406992761396781
15.818580490400947        0.10210591492227143
16.141004336300945        0.09994078366828571
16.324173965003876        0.09912588157674586
16.40188177592816         0.09970295440537755
17.233445198645306        0.11397493995465657
17.28777417936781         0.1113121594536973
17.481292406072576        0.11089863878099589
17.883591007704837        0.11729494334789609
17.96835519442099         0.11781548014411956
18.622488041133835        0.1278960714343703
18.883307568901166        0.12520558262556641
19.06090528327127         0.1229180206329363
19.41568785765737         0.13014817045624066
19.848173579660315        0.13535539288740817
20.296942719689778        0.14170568544997106
20.62327312931502         0.14389364493994922
20.875412272431507        0.1460599250993137
21.213369442224028        0.15091071571596082
21.602526030580524        0.1522643842683071
22.283797837577268        0.1668764582679781
22.43199366332511         0.1633527948702992
22.496537173148194        0.1594241819816323
22.564758793040472        0.16041899778506016
23.19038231015146         0.17121700947420956
23.400567216547643        0.17207020012491214
23.927743579144455        0.1872087316140276
24.266084029314968        0.19389961520929433
24.489123204498465        0.19350513093097255
24.581157513720363        0.18413496934806745
24.80799317933756         0.18824433407127406
25.32589151510917         0.20885878252984325
25.55604723708975         0.21434046652881422
25.736888869194296        0.21190920193245583
25.8316299018783          0.20644359927797057
25.95670863622748         0.20788459233305823
26.054962363043057        0.2061902567989435
26.732596688626423        0.22699831477367163
26.824518769888556        0.23013403090376452
26.87673232497407         0.2264085074462626
26.987255007415406        0.22078144389913604
27.389038478350123        0.2268755562869491
27.714133386695003        0.2349414439738128
27.774878325156266        0.23214304858783497
28.34878335555524         0.24172012670176996
28.475536923843134        0.23811419204149714
28.898618548501844        0.2506967823906684
29.417273679138574        0.25656989462443086
29.724724343487644        0.2587588420180823
30.370021856029624        0.28066596052457227
30.422162139595883        0.27980365582081357
30.65448337256482         0.2789783530315113
30.742532429394984        0.27252015782164485
31.090271276164376        0.28541613432634516
31.674012892653323        0.3039122614021861
32.00134324618568         0.3036654487689677
32.19459002360423         0.30035721663496967
32.761636929466874        0.31745131198306087
32.83528452723884         0.3058641229166351
33.11440087580833         0.3110039485901091
33.572056883249545        0.33080369788317926
33.99823436780196         0.33965852785717243
34.02468330403309         0.3322719667687598
34.23785587917061         0.3353695997909355
34.27701364107316         0.32983660602448817
34.46202858404388         0.3320138451905291
35.139921923642994        0.35857906836816933
35.57317899902755         0.37358496519685347
35.70722116846302         0.36548851773801583
35.80679955559804         0.3628903695071248
35.95920291053642         0.3659360829415247
36.40137477315692         0.37813099445559417
36.576357166282804        0.3702585802590779
37.48484668324777         0.402431520432022
37.642730584097045        0.404959262634769
37.80334561872192         0.40419105257131593
37.96047131544916         0.3977519942423817
38.07555789568093         0.3980694133115299
38.36949273023194         0.40229823922521624
39.06345004665019         0.42241507899984065
39.10158394756108         0.4176113754360485
39.478811951029606        0.43023687490349666
39.52593021462844         0.4141220589175965
39.66861927538753         0.4104551181648254
39.68998811348674         0.40597784518857427
39.74529333297265         0.3979306766102514
40.87564814358679         0.43365070134410366
41.60309888623312         0.4477321960009633
41.952677091532934        0.45334633580414047
42.03017874089461         0.45411022431061765
42.30316705605581         0.45751430009847494
42.550793735070854        0.4602263136152719
42.58866693875298         0.45091285754481947
43.102671253863036        0.4544307994565714
44.098115366611715        0.48269891888482064
44.19908454137864         0.46318657658223916
44.84510478353907         0.47491403498918516
44.97149134603719         0.4668502095634404
45.682904429690836        0.493723413743954
45.68670918224436         0.4816989179203036
45.79551756543693         0.4670327561081439
46.51219612090918         0.4806673966283427
46.716490427555236        0.4698268693412923
46.7718673711632          0.46427936330530817
47.290809152800286        0.4796831957728498
47.75519493328206         0.47947763409350497
47.80583782293604         0.4626989659269914
47.92125683007542         0.4616548795699751
48.23887155130055         0.46556489293874304
49.14051530520029         0.48010777323926035
49.23205349267003         0.464636656977301
49.487646673185424        0.4676988914886866
49.81374456212944         0.4799877377477439
50.21427797609107         0.483069865097291
50.36113583372288         0.4769429756980929
50.451023663283536        0.47209743242623936
50.80011498065554         0.4766549636779758
50.981890012128986        0.4697734825616366
51.8189528911189          0.4775025399003794
52.02042316902866         0.4745703654139599
52.190387840927684        0.4755331815543664
52.34747201400464         0.4636803529132375
52.43186978947833         0.45439851805684145
52.46949041771603         0.4480442526176318
52.58173607230107         0.443945567341272
52.603627495228594        0.4305405290782933
53.06973761089355         0.43051338186396415
53.09005778194043         0.42873377297402304
53.238154735894355        0.42932603872419545
54.10932518436513         0.4382161865775446
54.513032343922646        0.42518838949273363
54.676636371080846        0.40701868869537544
55.18044927010631         0.40666553286797935
55.86513665762493         0.4131227979712715
55.94820496574734         0.3996065288501788
56.536292647582144        0.3947434914972157
57.43781525091683         0.40219973313816604
57.49599800521433         0.40448194614379346
57.592774878928175        0.3973297569534163
57.6963083154351          0.3795246451906882
57.69984318432642         0.36263772656098736
57.70825779897718         0.363535760009564
57.88890736119555         0.3731900814856034
58.860035952045735        0.38145356680114423
58.945631642153586        0.36301325578152616
59.44889048071834         0.3538596675752565
59.525686266375345        0.3422173453283015
59.570249860234284        0.32932667348504246
60.665528597409875        0.3255442571819712
61.30528481561684         0.32287966062711726
61.87138219990351         0.32064865780413915
62.080724965790324        0.30792313802570337
62.21103859831685         0.30372492782955357
62.24589362280948         0.29881784696507707
62.346351659875936        0.2946359663045829
62.41134348894834         0.2912751465005011
62.76514134122979         0.28844711959915637
63.178969454743644        0.2901247447561456
63.39060649925663         0.28188849627270945
63.48036523700917         0.2835234875623557
63.570175995561996        0.2956347804290073
63.8615227043251          0.28116369523209217
63.94061150513981         0.2642950332902665
63.99940517431685         0.2611889910940225
64.60085573868656         0.25575991140410326
64.67428776479784         0.24960918472483323
64.9777819714568          0.2442956541851042
65.66570753514243         0.24508716743768544
65.71161517019392         0.24913022097793683
65.71324838156252         0.24429770272190882
65.72724443171175         0.23624856145034975
66.01319315841724         0.22931083176094139
66.06572447403876         0.22335750726309384
66.72752549455375         0.22345901648048272
67.27739658391539         0.21464518920824305
67.44906851533419         0.20606897176392688
68.0653677284379          0.20332034710316657
68.33580522840967         0.19925613229520747
68.53893809532369         0.19449056028905454
69.26466904736355         0.18696679325670876
69.65573148156986         0.18359290232852693
69.9595480951862          0.18466661371134835
70.03988407962736         0.1849203274618064
70.08505281008226         0.17155834561359534
70.13976461268334         0.15818061370283595
70.2887990637098          0.1623460959405173
70.58449701752053         0.1670012589106047
71.34324380122128         0.16497348906107082
71.35731697906867         0.1552981368033795
71.36053390768608         0.14994755919962047
71.36961932030661         0.1462874260075146
72.07620373158959         0.1475150742325701
72.13855974482148         0.15098539353319357
72.61797149646172         0.14780473533760885
72.6604277271409          0.14354192686361444
72.85652849211176         0.14190963287042824
73.18773057683673         0.13581425554006477
73.7007527795257          0.1299338609435275
74.3411122427232          0.12541494982554258
74.37906026592154         0.12193469429366263
74.62861207192721         0.12056808404784108
75.06438058546017         0.1194666125253318
75.09401900239877         0.11858000375682043
75.37296467674804         0.11690381147585516
75.55522041574521         0.11210888335093183
75.97596454078723         0.10872964183705683
76.47308957633447         0.10352937836215065
77.4204415843682          0.09994825690467982
77.58378410397603         0.09728016809502579
77.69516954432831         0.09196100150815839
77.84921641722012         0.08903319614100541
77.95379689043844         0.0860803719357692
78.09366635158396         0.0840542603021179
78.53904489701718         0.08352609299819952
78.5598453880392          0.08420504990229652
79.28686413819258         0.08541631367726589
79.31761631768836         0.08562392989128205
79.65336999968848         0.0827442505618772
79.77410092826793         0.07881047569398392
80.0517958303052          0.07829158929254777
80.08176127891541         0.07624712185839144
80.52957056052837         0.07424532179239487
81.15718560251273         0.07561410914035753
81.41221157790538         0.07697657789893135
81.46097784480773         0.06882455456204047
82.42261137596233         0.06176138347716499
82.55412218816653         0.06112413714187284
82.64251627783636         0.056198729437550915
82.64478230439265         0.0520618656038009
82.65037075925402         0.051505318848490036
82.88647434021192         0.05263374494843591
83.08057632899346         0.05299104792640151
84.05949021134484         0.05256671895503063
84.47041435426094         0.05446860827448879
84.66748043538455         0.05573455943388187
85.47997302927784         0.05540305277166872
85.50560430713327         0.052430643386717546
85.52012921534485         0.04960242219532289
85.80285946744107         0.04982217303862237
85.93066970349389         0.048336372019198603
86.83110426843605         0.04575508589038729
87.33775061641241         0.04248876887630007
87.38359546950511         0.03973193380186665
87.71259779333592         0.03866831430899065
87.71814766756461         0.03760545618348178
87.86488039318573         0.03701541290366294
88.7743912124572          0.0348833163499184
88.81554541974751         0.03262949575366453
89.17076427025248         0.03155681142651168
89.39787413601387         0.030857558189089355
90.25112706125883         0.03032193221963421
90.70024804605637         0.029393037784373986
91.18107944965487         0.029002301819353704
91.37229204206773         0.028542933880846846
92.02863194366434         0.028420629988037918
92.21945573518855         0.025149852457933258
92.38464872661339         0.022010415901830713
92.91004425146832         0.022394018131712753
93.75096582768616         0.02283359084987268
93.86891232400556         0.023773305354291452
94.17628550023778         0.024984326457614732
94.41990815878505         0.02338784274889688
94.46111664620325         0.021518978467345563
94.65098141811961         0.021606354080648857
95.87675338840202         0.02093340625695761
95.93513389522464         0.020126473551322896
96.37733887280775         0.01823500643725344
96.48233630437363         0.016188066238513446
97.15047086793574         0.015352002331671156
97.61794505754114         0.01646411471708254
97.78168033351174         0.01788044674657884
98.11792519072429         0.01725651591887553
98.60412009240696         0.01760811539254668
98.89172112489558         0.01665804127021584
99.34644045578234         0.015141345139968775
99.61135474704324         0.013511983371283556
100.67114152669774        0.01027779144472643
100.73914864973933        0.010562609608473234
100.86274205284901        0.013018883632906625
101.67526167101353        0.013590177595877728
101.6940946247621         0.012768292515025663
101.98352693215305        0.012013103526230485
102.1956360609121         0.012079120044195275
102.20789389113489        0.013415497390579643
102.46861342837235        0.014904815364560193
103.08843802430948        0.013900499178380725
103.0916742856014         0.01273479139780037
103.16663676305245        0.011181184984500927
103.22365635589978        0.009503501919124926
103.31809914246791        0.009380933762416053
104.12262434513059        0.009187813202660364
104.63586053165005        0.00989956325650688
104.80000004651313        0.010809263988225737
105.14103809962319        0.00975401972178571
105.43049738060945        0.008620322580924728
105.52803329550032        0.0085443644100154
105.65415238295384        0.008686152738631445
106.08914539452678        0.008650220603698973
106.52898157181858        0.008456468814540862
106.68772676545188        0.008440876131801618
107.11219739222616        0.008489474778463485
107.18480612773074        0.00853559703645797
107.74830396665028        0.006958403030138014
107.9082813496124         0.006792044354580735
108.0247053384241         0.007960573167136515
108.43754781857118        0.007706351582648584
108.5237912659385         0.006199820111639401
108.843967023852          0.004498777395259373
108.95325083018935        0.0034039444857864006
109.23760364247835        0.0056346355900615
109.43659346321331        0.009027505587521467
109.44813427796674        0.00929807771322024
109.46139887556441        0.007295102298013491
109.55485650867466        0.005514634106777914
109.89079997600345        0.006215377998661617
110.60263390099618        0.0066958251116973795
110.73535823681591        0.007360431775899838
110.93927951469709        0.007372696444939774
111.72369296612172        0.006302834550179945
112.00121727087972        0.006332632869790836
112.4483456417382         0.0067388984142109035
112.55715530133203        0.007443845159786117
113.27748050801856        0.006584761201413261
113.39677294115164        0.004668041775890775
113.44344015969293        0.004364398512917929
114.07100232867043        0.0052469139229957065
114.57519151625029        0.005930360019628078
115.18237804738231        0.005830559701026847
115.47813111570812        0.005053781796747625
115.59627855187843        0.004321513951117198
115.7977360865403         0.002480730074786923
115.7981388080018         4.962276236165185E-4
115.86949317984441        0.002742663789873691
116.11097095614561        0.00498969334809913
116.55718405246976        0.004487380889472836
116.76624520356981        0.004879024694898381
116.93802327197736        0.005774319058465691
117.12771249451748        0.00468285855970956
117.69147112380207        0.003631276607655997
117.7980450980302         0.0036712039701578677
117.99859168477059        0.004236539555367251
118.36936336136407        0.004802453750120688
118.49299182751062        0.006755039665796753
118.55518961619254        0.005675041152493183
118.65751820727806        0.002370670497060306
119.19470541496692        0.002599032452533421
119.25860394395139        0.0030988938693712613
119.30218916684902        0.0016026791402026959
119.53049384466071        1.0642277227950514E-4
119.99999999999999        0.0011003339278062576
120.06035745840921        0.002094271796140415
120.57288740669995        0.0013183108987663318
120.90295933821594        9.614917526466287E-4
120.93057799462662        0.0013808515033742312
120.95652581849635        0.0018256214500192661
121.24999999999997        0.0027108563805858946
121.4827542365072         0.0029404035826322535
121.72370710469953        0.0027295793856559423
122.00242890973186        0.0024023235462798144
122.5                     0.002574235454555967
122.99991580664116        0.0030738638398592403
123.80106890568491        0.003201263027947139
124.05932632809034        0.0030086959599125735
125                       0.002130684791461203
125.05053698910902        0.0014179574844772106
126.64376788259263        0.0016542931288185095
127.27026578696905        0.0020441918838978597
127.97088024696117        0.0017928672230372242
128.27384626552856        0.0015413244143816253
128.6120254553656         0.0015917917803265212
128.6345215995954         0.0015814347980379075
128.84409258135483        0.001520731725054894
130.96663307222238        0.0013822708210136456
132.03031380230007        0.0011033156558633377
133.03762021474873        0.001044872444039886
133.4793594317884         0.0011265638405764107
133.97939384150985        9.947252495706629E-4
136.07687157222972        8.568427729476603E-4
137.90510416138903        7.562891789513885E-4
139.0507822121941         7.280317952588196E-4
140.16976086116443        7.943434397644194E-4
140.57288627258885        7.98262730339844E-4
143.75279405993578        7.395368007435861E-4
143.88132810887566        6.767204628056642E-4
144.4019966307668         5.452853784624759E-4
145.08827265674742        4.1383837522748757E-4
147.05865882628058        3.7061424908190046E-4
152.24247145323372        2.6391308589790566E-4
152.98265368888786        1.738362310609488E-4
154.38904779113136        1.466505711525064E-4
154.4866237288566         1.0103553359126487E-4
154.6916338582381         5.58349011941391E-5
160.41230833628782        5.564384893668616E-5
163.73655713366813        6.649766480467196E-5
164.3679709537748         8.726085316642027E-5
165.18084038352393        9.767852502943624E-5
165.18205732990066        6.867635946502553E-5
165.23349486069665        4.8647360333819095E-5
171.8336096107654         5.81259988162227E-5
172.07557890471432        3.751668026336427E-5
173.4058574434522         2.75435596142243E-5
173.43141659096395        5.9445615925781295E-5
173.538518593225          7.030745819868977E-5
173.5785420105896         4.5708706259875754E-5
173.78155895764445        2.9930870599164415E-5
174.00423983837024        2.224521765274964E-5
175.94785199638065        1.614270446603763E-5
185.8168007884966         1.906676753724722E-5
192.93880377583943        2.1990916343299537E-5
193.0389640172986         1.2086247196797278E-5
193.1380591585429         1.2549554240357025E-5
193.1937798488587         1.4052235642604508E-5
193.3339610687503         3.110073074102368E-5
193.37481880656907        4.444432821678297E-5
193.38371950706005        3.6686987967718236E-5
193.40173404396444        3.2854284067193495E-5
201.86031313053712        2.374678409257263E-5
202.00000721140916        3.2718643439980205E-5
204.1125890304223         5.305790596676213E-5
212.93463297113195        6.39660916509014E-5
213.05190211045885        3.699052147287272E-5
213.06699975330795        1.2519755979612262E-5
213.1614163524058         9.622910667432138E-6
213.1731956189223         4.22121134046342E-6
213.20740851779513        5.052204865637538E-6
213.2766840780861         5.883198687536893E-6
213.49122647039107        1.870019719478985E-5
213.91811669562907        3.47736559251402E-5
221.11574032395845        3.9217526138185754E-5
222.22679783254583        3.263163250402159E-5
223.2038552502347         1.7795214815011873E-5
224.20535399346159        8.03613392637311E-6
232.41214098873695        8.858413387802754E-6
232.6758888133057         1.5016622810210612E-5
232.78575002645988        1.7657419149300077E-5
233.00855049254545        2.1083336709165406E-5
233.01423116225416        3.096397322764898E-5
233.01694661779018        3.7418685290468814E-5
233.0706353264315         4.12590252463219E-5
233.1155076476569         4.7288555130834014E-5
241.91564227898206        5.0834763152644846E-5
242.46959632555223        5.219375714040807E-5
245.36716235130464        5.602024386026912E-5
246.82163874653116        6.045877637087328E-5
252.78741319673483        5.740540784419861E-5
252.83855494121426        5.171891593551846E-5
252.8424319089257         4.969539058618096E-5
252.88331393457293        4.651309964086215E-5
252.91394553134293        3.6397550367275256E-5
252.92017157322977        2.9464287215376175E-5
252.9766277443421         3.0201356952131614E-5
253.10473243779933        3.068881955961016E-5
261.4527073768079         2.1964792070884357E-5
268.9721974576889         1.3858117989444363E-5
269.05658687704823        1.1074719711276957E-5
269.08710048029207        4.2181234705175525E-6
269.09772401434384        5.120491477431587E-7
269.1364883222616         6.206956978400619E-7
269.1676125211744         7.293422505946001E-7
269.1772106487741         1.0422185047670277E-6
269.2066050430303         2.2630272165855173E-6
276.27405378491386        2.114414840476477E-6
285.3099831870535         2.905009421456211E-6
285.3548412033515         9.530723872877543E-6
285.38264487592625        1.573654464692277E-5
285.4043347099698         1.255332700137211E-5
285.408829999738          7.942857747983929E-6
285.7592752309503         1.0675167930605767E-5
286.0138243119171         1.3407475778703967E-5
292.7364479035666         1.614703823153479E-5
295.19457466281415        1.926446615023218E-5
296.6856305867735         1.970969496915509E-5
297.7200799583843         1.977710790722105E-5
298.74948257394294        1.8971282938616863E-5
300.6083066710936         2.1963637846372203E-5
302.5597676669935         2.356110861615369E-5
306.3041941568241         2.2734760263613274E-5
306.3469325107072         2.329748914899154E-5
309.20115517161776        2.2485655656003142E-5
309.99532499593823        2.4018998698923385E-5
312.55306144034654        2.366654732197301E-5
317.8449577712689         2.1780630278665462E-5
317.8609973272014         1.8214520897835396E-5
317.8805268292346         1.4157414535592815E-5
317.89285118197074        1.2148302850571105E-5
325.325540720334          8.096303388519954E-6
325.63857536427133        5.5912550908258254E-6
325.6819453400107         5.620010012342157E-6
326.0834767849932         4.207735090397422E-6
326.20779851036673        2.7954615121760544E-6
326.61960262524025        7.0524207279596595E-6
326.8277314918587         1.130938225420233E-5
327.58095889027027        1.1799762914868437E-5
327.99929827758035        1.5564843531949073E-5
334.9603619788239         2.4820632785067485E-5
335.73339443231714        3.282939210191188E-5
337.5771230792662         3.485745806183009E-5
339.2641100096267         3.948168502260051E-5
341.7453509480593         4.6600704132774204E-5
345.086823634648          4.712218791445357E-5
353.05230376073223        4.339512768347703E-5
353.3587708737585         4.0649943412322245E-5
353.3600607933639         3.9659540687033714E-5
353.3626775909328         3.6171690166618994E-5
353.36551869477034        2.895194221501754E-5
353.36970957356067        2.5220045153686626E-5
353.3709235471752         2.091332708820069E-5
353.37249626129545        1.6606608989304734E-5
353.5516340774311         1.8585427538038263E-5
362.44574228652573        1.84586213443986E-5
362.62566718489876        1.2871721793188706E-5
364.2445599344767         4.857814705038872E-6
365.28971092646276        5.742795984238797E-6
371.0897561884691         1.4095940915583166E-5
371.0911740474635         1.6919673999196656E-5
371.09122814663067        1.680818019658608E-5
371.09721296873465        1.8716963853273096E-5
371.10140387456           2.1442005890057955E-5
371.10641010201994        2.6223708351045086E-5
371.1177387899819         3.235129295459014E-5
379.58127606406896        3.777503134516012E-5
388.7075419382126         4.103610642755301E-5
388.7518463822334         4.22871225449687E-5
388.7984531081476         4.3107727120930434E-5
388.8063912965491         4.26773155086184E-5
388.82646826988946        4.441480255642344E-5
388.83276394276515        4.61522918904872E-5
388.8385267673467         4.603679408236554E-5
388.84603141415596        4.233832820216491E-5
388.86762704969243        3.5720930421862226E-5
389.08657220328377        3.2686480472721185E-5
389.46516036325886        2.859069723684001E-5
396.1976399446862         1.7980157118893668E-5
396.5156651383099         9.276443739298844E-6
398.70619541179974        1.1183484867187304E-5
402.4525170442314         1.3813125936269803E-5
402.7655730995726         1.1908934327982303E-5
404.4114372852943         1.1471361836481202E-5
405.0582769566456         8.40900287311514E-6
405.4919800337448         6.58255734078894E-6
406.0361889256036         7.818466876197096E-6
406.68609968341343        9.31923245135555E-6
415.28463308348995        1.0820093484223021E-5
415.28879770848226        7.958855146797077E-6
415.2937688051927         4.819016218517565E-6
415.2960137688798         5.380808104303721E-6
415.3059273620651         6.760437984888722E-6
415.3105845187036         7.299675415455304E-6
415.31528440818107        4.468769471449399E-6
415.3323388831023         3.0703405537657344E-6
415.3374751804918         4.502817610570371E-6
415.46914861392565        5.851078270398398E-6
422.2604948451197         3.907345636767579E-6
428.4115479492811         1.2409156872874293E-6
428.52721977963665        4.707017781964273E-6
428.532935863768          9.314693347649062E-6
428.54347359111165        1.3847616957025794E-5
428.5496404183227         1.786440601068591E-5
439.56606058201936        1.91150456260791E-5
441.7646569076654         2.1471931648767937E-5
441.7732764063269         2.3810237339211277E-5
441.77397491091654        2.379157814295975E-5
441.7752611998798         2.610300347378058E-5
441.7758120611573         2.8414428832568088E-5
441.77680639806357        2.912091933416843E-5
441.77966071573314        3.121628498672155E-5
441.78657112186625        3.361586752890101E-5
441.7924073191813         3.310511866526085E-5
441.96448390898394        3.122560842172942E-5
450.79611098792054        3.120864350292522E-5
458.46505737541804        2.956474119994393E-5
458.7525308258113         2.7579667976845042E-5
459.1273338247731         2.600493131052439E-5
459.482649134654          2.369414518810589E-5
460.04347031049787        1.956942870208398E-5
460.409038977634          8.973815263774811E-6
461.0012325944472         3.4779977118222643E-6
461.23631453300936        1.1588259416704779E-5
464.087465390549          1.7987455581526486E-5
465.978649665145          1.1504817377216179E-5
468.71711524187356        7.567414406160531E-6
469.1509001535861         2.8901070672120947E-5
469.69362182423885        4.7689555585085584E-5
469.78536959122636        5.9571246737026667E-5
471.1195447431014         8.178649787259225E-5
471.46059580616145        9.21196916499539E-5
477.4620478222757         9.731119309881598E-5
478.06537273828286        1.0249829216553464E-4
478.77900419642253        1.232027492968471E-4
479.2385358604792         1.4438233587353856E-4
479.2838318985755         1.4485735972244533E-4
481.99613689450086        1.5398078202801994E-4
482.35429657347026        1.6309952594558037E-4
484.3263193620935         1.56013802418033E-4
485.90639361748845        1.6076120142484917E-4
486.34059181693067        1.8660956610617974E-4
489.2781621274659         2.0063348476842237E-4
489.8602336206264         2.0997311772415078E-4
490.5919524136564         2.268284399587224E-4
493.3364443283356         2.53642770889438E-4
493.8220086119034         2.779567247518273E-4
494.18750999148625        2.829850716216845E-4
495.58436033114606        2.9849504568360167E-4
496.0291782504961         3.139983068439593E-4
497.8470895964284         3.2228870507759223E-4
500.63888439146626        3.5449323091717475E-4
501.0011283360961         3.922845995615571E-4
502.8548678974694         3.9845884371879164E-4
504.49700906900557        3.909481431808229E-4
504.76712348375827        4.043914735351029E-4
505.0320580338904         4.4096296395894146E-4
505.56557135743503        4.76398829970656E-4
505.5969778692479         4.986530641726472E-4
506.1876916406945         5.215825809008265E-4
507.9278265444324         5.609700932372925E-4
508.9651433512547         5.991412152127325E-4
509.5018793305943         6.158417292528968E-4
510.742782572988          6.137766403765124E-4
511.0367340433462         6.065442668550978E-4
511.29450457597875        6.344657603332818E-4
512.439685521442          6.624274787657538E-4
512.7296172546949         6.740146409270067E-4
513.1648156629419         7.02293896358965E-4
513.2956631424909         7.409030994891156E-4
513.3734649615028         7.688444309353062E-4
513.7091196435566         7.748831138003782E-4
513.7551403828393         7.70959446079331E-4
514.6599281859549         7.962280139989994E-4
514.9903046144104         8.354594696003213E-4
515.1868518703102         8.455401432028492E-4
515.5129363984338         8.492798724186897E-4
516                       8.530315626194545E-4
