6.036082151438603E-20     0.020476313009448757
0.001996162623030014      0.020516036270272663
0.0036342118333674437     0.020514613375687885
0.012907522676874684      0.020619599457465998
0.01512429951184591       0.020548773678585805
0.023363271607039614      0.020641949548099715
0.026208290700323572      0.020636433895292447
0.027438211513042765      0.02053974534180711
0.03615716923773556       0.02058986588855088
0.04157343509823433       0.020634428445929803
0.045042098077491134      0.02065041634266885
0.04990399282909592       0.020646465792600877
0.052869416848560974      0.020599005716410393
0.06051165314390216       0.020689894750788876
0.06372908637600488       0.020726298516970852
0.06497114691358451       0.020657003196695972
0.06637362815807347       0.020613889049960782
0.0691885178931557        0.020665237849651998
0.07383645260558218       0.02071583054123335
0.07808228374724178       0.02074328234511927
0.07852112636246289       0.020709807820345833
0.10000000000000002       0.02071872890875541
0.12775889836138782       0.020803721761153124
0.12987865663048057       0.020727811748224245
0.13865288055146835       0.02079586896860377
0.13986876443824992       0.020782948562474684
0.1473730675811083        0.020787905669154075
0.1671164538329103        0.020965194029912912
0.168845294562327         0.020934704588954495
0.1693980617727287        0.020899659852380528
0.17941838201484755       0.020869012837600717
0.19895977478156535       0.021029799227815248
0.19936658208839045       0.02099703422103095
0.21579779319425285       0.02118650127318837
0.21614872389453954       0.020853767942493516
0.24442649687569773       0.02116036260881879
0.25115750591923947       0.021149082066162166
0.2671459101706518        0.021014589691696797
0.3033751645662718        0.021216038767046568
0.3144839881386794        0.02122834613858153
0.32761115739053137       0.021316077443840488
0.3518198307383661        0.021272988034585695
0.39366758724534434       0.021437548312277847
0.41574333520422657       0.021538556453558247
0.4539786384719561        0.022008136270137927
0.4558527728425713        0.021301350353269084
0.4733228174543929        0.020749879518698805
0.5318533823439894        0.02130475967164423
0.5452780049965209        0.021275347176369724
0.628981158381754         0.021547369574694452
0.6563412759006081        0.021093858963459874
0.6634059083261219        0.021348082201599637
0.6888537522240699        0.02154361882229542
0.7788552673947509        0.02264739772302983
0.8337875345081807        0.02287930611212463
0.888707267881859         0.02246764932259892
0.9236761043970174        0.02238883135241164
0.9786430142650934        0.02254784991159094
1.118757860628097         0.02368856216466928
1.1257407824768155        0.02292809625578937
1.1886966775950665        0.02288212262887873
1.253906758351691         0.02337358412050937
1.258853777433877         0.023244992479351356
1.2763477966524899        0.023085764281264312
1.3534919316759513        0.023507175156404405
1.4999999999999998        0.025057863352940087
1.6228194984781794        0.027970793405975268
1.6269667839503763        0.0248302664816726
1.635051842159809         0.02398667562812624
1.6444550636203703        0.023490599216407167
1.6979344837309065        0.02378784815377874
1.8303286120787652        0.024764752428947965
1.8832996633232157        0.024924782000985808
1.9602610449748612        0.02576422994168964
1.970092488795065         0.025420903123634632
2.0209650712760476        0.02542282145786884
2.067145801962902         0.02539407566865561
2.0870936770160107        0.025239966352077772
2.1215678418433432        0.025449691210831793
2.1867114002373276        0.02586908655477296
2.2925274762569794        0.02668670815416139
2.3006721690421013        0.026560242475183505
2.3301398329993646        0.026877289148783415
2.338567673715488         0.026437306965477365
2.3485778026284305        0.02636485146087508
2.3641565218170375        0.027711702247446388
2.5                       0.028108403249376974
2.620644514696881         0.027028845474689457
2.6519925357504026        0.027407189282454537
2.6895569029421025        0.027507112856016876
2.7067737891228987        0.02741716346126665
2.720513727881109         0.027247793747022676
2.835320228655398         0.028507672966958282
2.837333098963113         0.028306799448097338
2.849780932289433         0.027961769477853927
2.8499312237473027        0.027350946224086865
2.860385413103386         0.027226052234404333
2.860420867111658         0.027280215794098207
2.8666976712005225        0.027456852486372536
2.956461920978658         0.028524464284568216
2.995078707308884         0.028380525581091054
3.01989276238854          0.027741227952511605
3.10070305217175          0.02845056592099122
3.1711817208103263        0.02967461808015908
3.18922239902229          0.029646579106398445
3.2679296607550654        0.030102361456667164
3.2724350560741073        0.02950457247017168
3.2732588003034           0.028546397534457264
3.2765859673261577        0.02764978948421823
3.6013393343357714        0.03131863779413356
3.6514509448012413        0.03143657597877504
3.667312060787158         0.030720075458017186
3.746683101274559         0.030922788699329528
3.7583053320019797        0.030583004342907203
3.870299371812072         0.030963641836593735
3.914166735533138         0.030896534051507073
4.004649069313831         0.03204083751725777
4.022798880181005         0.0322269259310155
4.032066226446938         0.03131354973803238
4.255146736537806         0.033420994023242306
4.258062020006782         0.03321389898392179
4.26405700178622          0.032634858360797436
4.300809555428232         0.03214465554783314
4.5626852827012305        0.033921733158105954
4.659598853376557         0.03387895134198996
4.766039903424487         0.03427628201832563
4.808014864802153         0.03393835764970448
4.891151800053235         0.03460429702594758
5.145730961524997         0.036049913853379495
5.331504485981892         0.036887649279932794
5.394190797608901         0.03725219941492776
5.410590690210448         0.03603591318408721
5.451028661095853         0.035201897850055945
5.461802278665635         0.03546227190172732
5.709234078380718         0.03732830176883163
6.3096147990884335        0.04340462500420175
6.345421828450719         0.04234576854674162
6.440338858788816         0.041543062043901485
6.759577308212867         0.04275973668195296
6.9101389226686525        0.04188358184340458
7.479995637521423         0.04581714166437609
7.804895164144286         0.04661001323552759
8.244419724112152         0.05181072521656335
8.664526533560768         0.054696317193452415
8.953109977022727         0.052109550928371176
9.291250882052534         0.05512005100963736
9.636409286511519         0.05765273590293734
9.835638796991116         0.05592778592488326
10.569902176807648        0.06146613237974895
10.73952941640526         0.06068573219366985
11.351015718146408        0.07073028169399302
11.36118243915256         0.06726626509756337
11.383150969458287        0.0636286738980354
11.675482548356724        0.06787366690237101
11.973334696156682        0.07135549103343564
12.347664674995247        0.07241359046014306
13.154256859172238        0.0841898662617525
13.203791146395002        0.08320938231157748
13.232344145104944        0.08003051718098397
13.7192497254591          0.08301627712184692
13.776820965009728        0.08143406673067888
13.811978242603642        0.07990510886724923
13.906180578068575        0.07831011583821335
14.961956415842547        0.09322075771438211
15.104964151530387        0.09215725702515667
15.229897177017584        0.09163968814466625
15.734403886955732        0.09914811997941216
15.8230632870096          0.1009225449134419
16.010052581018357        0.10026924515841674
16.275624684552024        0.09987883085834309
16.298843061583103        0.09672428249606244
16.745103061850294        0.10509732592513157
17.146711566344372        0.10842963447242922
18.17425596487916         0.13285314358772563
18.413704270585544        0.1357204928392834
18.589292527884965        0.13230595553751406
18.771952048490853        0.12723088987365247
18.931899488197747        0.1236142277073614
19.016549117284214        0.12060357986141224
19.875092407379437        0.14041662231938049
20.030905536406095        0.13896159774050798
20.33179763934889         0.13984535962861194
20.369631322754262        0.13830512752879007
20.800976075061005        0.145867877760238
20.90013800061656         0.14384023163490622
21.194533296671928        0.1465235510250554
22.006436333265263        0.16272828929052335
22.196627994398103        0.16505733222057717
22.402555434120483        0.1639181071366213
23.12680014732392         0.1763125678199039
23.829433872296846        0.19095089228153933
23.896302143908777        0.19002259667928387
23.924336957914548        0.18255485630870433
24.03453295171451         0.17830869818590453
24.08423902011424         0.17728132894560528
25.00780547769823         0.1997245760127747
25.479320388085785        0.20113277022386436
25.672222767931103        0.20081789068992711
26.102991122756666        0.21282990033036192
26.607970443608565        0.21982437889750073
26.80426025335629         0.21987314515390016
27.166750627578736        0.2307046698569369
27.367263093807047        0.22674186490335888
27.607457627865358        0.2251039754359193
28.00293929779668         0.236930059413717
28.65135954682986         0.2576123941471352
28.88313273196663         0.26036580347861144
28.993763058857304        0.2540441971886851
29.22806008982609         0.2542097411989514
29.44687239453983         0.2620281654568006
29.8981009735512          0.2707656882301551
30.695850035824105        0.29466890221541364
30.696348970753295        0.2817661938196944
30.69674058766161         0.2681403016684681
30.69888210843106         0.26446343165312114
31.53506890493171         0.295861810936761
31.757812212329654        0.29924356576109246
31.997372051234326        0.2999951467552741
32.504703462158005        0.31540344057811404
32.892032660245015        0.33022913201594134
33.109379554883056        0.3297939122624122
33.221431572392376        0.31813678405809553
33.3652275977645          0.3157429283874197
33.43053549355158         0.3162435812221368
33.4402492753109          0.3133804269711187
34.06700071576991         0.33308357227423585
34.134721518510254        0.326896127518358
34.91181689337842         0.3602268912057506
35.159211990672986        0.3661652186765265
35.194931952273414        0.3638395585108972
35.31216625207577         0.3540519950544585
35.56427812613683         0.35670891180463804
35.57979921144826         0.3513860164814292
35.65487740807869         0.3490977539916054
35.716181041947074        0.3501094117214275
36.2715717547097          0.3762478433777591
36.36365399428268         0.3820981949331419
36.53072623039739         0.3793578587217301
36.61459262903615         0.37288784391393276
36.65989376004206         0.3715074494702648
36.993892673380024        0.38345030631715293
37.23879382611821         0.38365355420038505
37.736298723677336        0.39582157564419285
37.994584696982045        0.39687432694631664
38.64950803983656         0.4103064157758668
38.81831500913828         0.40584391817847626
39.353859509580445        0.4218115396788178
39.739129078293885        0.4270412017251221
39.99037411373677         0.43483280679325487
40.026140668907686        0.4244907550604118
40.15241742089791         0.4192906112649669
40.167487070392355        0.4224284744454271
40.39342945270348         0.43089904114215627
40.86548496199486         0.4370798046063791
41.513528488274055        0.4587425394475444
41.56636227986139         0.45048031236409347
42.07232179213199         0.4588779256177352
42.15354700529092         0.44545819709130197
42.87327903925444         0.45850908281865543
43.03279307572477         0.4469661844150341
43.33579432864154         0.45591145981502124
43.749533365486045        0.4683772085715766
43.90034997698131         0.46057025440282207
44.53943914314289         0.4853420987475039
44.726773264026754        0.4875008123647384
44.76280776162247         0.4652820187211908
44.79743796846129         0.4460561836415642
44.837361063556315        0.4435706487299313
45.311872806612676        0.45596610107786284
46.26576355188808         0.49064685206558933
46.48807675647576         0.4834263137134388
47.0459232169868          0.48497968106649947
47.09681449596637         0.47949676636452865
47.61059318623781         0.5023597367027629
47.73032958520626         0.507310684192893
47.73222474389349         0.49139063970458957
47.842855333300385        0.4695709151181618
48.12323905123276         0.4703174795968277
48.434526984785784        0.48342302797957426
48.54438090492022         0.47871699730241957
49.113346163197264        0.48402993753418505
49.43517767439467         0.4870099306852844
49.46521557069627         0.48124922042762464
49.653776551181735        0.4715496259075548
49.884146591693984        0.4705310727063589
50.22073798502757         0.4744173611065591
50.72023569932654         0.4762745015461039
50.97811581053493         0.47253120731120357
51.0463963239759          0.4697531011824798
51.15412305656942         0.46082048037922035
51.4154075615961          0.45748505165285025
51.79950769457281         0.4727281262532801
52.20985589792521         0.47911709760803045
52.488274320603296        0.47652646116831654
52.603228122535256        0.4672704838385503
52.62629558482366         0.4572369152695234
52.65737024383943         0.44511828130858977
52.947662982656205        0.4410084824833843
53.00739098028552         0.4325123057339775
54.371591664817515        0.4492807511988234
54.46858615056067         0.43871619453484545
54.556344461102405        0.43048354278392786
54.75356649551355         0.4104561675479038
55.28271782497261         0.40992494867461404
55.32935105490655         0.4117696833545119
56.22963354310678         0.42331054015817515
56.34938054424635         0.40240640948380785
56.388503279704054        0.3903605312966418
56.64916862859124         0.38835085437247374
56.77817884849913         0.38044696447376525
56.82374786492721         0.378157664004446
57.54040413774011         0.3818687296378459
58.09734626749285         0.37620526582950187
58.17978194772064         0.37235671123639974
58.25626333203368         0.36517248030349436
58.732794386062665        0.3627947651262028
58.84307375107014         0.3624898276277282
58.84987291417051         0.35409036454885445
59.62671360831912         0.347954388713654
59.984641633940136        0.3386873267327638
60.0382095881054          0.32828856511503035
60.163657777537075        0.32354269990299683
60.940527095811504        0.32407280507345504
61.2809070577614          0.31147586116306053
62.20856455308438         0.30710143190955935
62.379773561585196        0.29137139108796617
62.986112487884924        0.2857169982966923
63.4070303696799          0.287223359059283
63.68268696932279         0.288196049392498
63.90171323759134         0.28105272934222186
64.02264995378877         0.2687616437448306
64.10120588960007         0.2520217323696917
64.16465983710856         0.24312817815654592
64.33584556872091         0.24833899812784846
64.96996585641547         0.254852572998781
65.31529677021598         0.25194843669255707
65.43710044195745         0.24732524412267648
65.69595249141847         0.24037468721165767
66.19012271235076         0.23858893271245368
66.26662357302123         0.24302126159662166
66.39360501093252         0.23577696438699036
66.58120492518395         0.22389059468491934
66.78962081470257         0.21811284774733486
67.39821046301567         0.21787510256572548
67.45920296411221         0.21668650801419975
67.7381256800902          0.20930649092212228
68.16334048424423         0.20242770637366736
68.27129116563653         0.2028655604729157
68.59286312456803         0.20767655308357946
68.65574248328478         0.20354274971561354
68.84381457169269         0.19016040926987754
68.9271745741953          0.1841092498039192
69.1883813632218          0.18520943757564678
69.40717612820768         0.18398005405317566
70.16535223562737         0.17681775045928133
70.57886915208357         0.16831098194360586
70.62203688309344         0.16640653794817528
70.71387836187293         0.16257715487912835
71.21842369728675         0.15555002612402996
71.73031446859298         0.15249866966066405
71.77729804253923         0.15008300625572474
72.08359850099782         0.14859613906631503
72.29528491093106         0.14517867650896793
72.58093837007044         0.1415353434886379
72.77253202853544         0.14027050372446387
73.01058976567468         0.13908199442834218
73.25224069915821         0.1334682816985181
75.11376400926012         0.1306574933220473
75.13950892888167         0.12966814635335377
75.1536609818217          0.1286574531918552
75.16151753977888         0.12750415066919973
75.16178386241116         0.12426991380324917
75.16194629756619         0.11549121048291694
75.16421074252582         0.10846795026097913
75.16449651175424         0.10815327312907784
75.1645339408031          0.10701224913892855
75.16504338984409         0.10587179080436004
75.20195514352444         0.10722565948976653
76.58449668403622         0.10951271481094281
76.6418222348157          0.1036399803130876
76.75781820509107         0.09690795196985028
76.91307858626544         0.09538347258342247
77.98796504349454         0.0937079351864118
78.2791570114503          0.08917690447278678
78.31831907612931         0.0871323688601384
78.37285447503776         0.08612415952420187
78.64242572748613         0.08527704412578963
78.80853519147593         0.08456041230284
79.32995659810337         0.08237752898129551
79.82285889362156         0.08099238536547768
80.03912388244582         0.07979277014459385
80.4953228165964          0.07788369165267742
80.63750757984344         0.07203236494046866
80.98582819931099         0.06615839674921081
82.08836174436173         0.06462170318280762
82.26859772089735         0.06507629954714433
82.35251080609638         0.0635760545263867
82.8782476382423          0.06213132244122599
83.44380836922565         0.063708833535247
83.5941734471827          0.06084101238871156
83.65675980167468         0.05756507745498213
83.80328950267523         0.0572467987067664
83.86000893646023         0.056103484253736235
83.88753517555314         0.053830416836483326
84.08370732092735         0.05276703789255535
84.2372934708808          0.05151010525138957
85.10816222002457         0.04969795950364158
85.43393018552308         0.049042077951516355
85.62752684166205         0.049681468909337834
85.75567329564778         0.04747697309476069
86.10285364100082         0.046178857294206344
86.3979869075563          0.04671019576254588
86.44551990264144         0.044387732291955265
86.5664128562347          0.044768993700210064
86.97898641796112         0.04655273758554415
87.11899123183943         0.04742275343970784
87.60955533614336         0.04656940015228053
87.91469050104823         0.04211583468786753
88.28601471132166         0.03937453020357591
88.33548802368091         0.039289773271679825
88.83252760889368         0.03972470995648231
89.08620948421884         0.035812468490837475
89.57844143007338         0.03155119843907037
89.63105235073851         0.03143886391945897
89.79043004297611         0.03299420081643542
90.10560138572878         0.03241096067786352
90.43314261804062         0.03184458030245087
90.51044413896716         0.031074470960978796
91.22714114501336         0.028672625197114318
91.6533864331617          0.02833676851102805
91.65369686424265         0.02655463901688166
91.6541052778457          0.027084362635383184
92.52506472950967         0.027769245258169938
92.650778954966           0.02485996289492866
93.13149161245087         0.025946017708811178
93.19049150472078         0.028599066816771455
93.19968747537374         0.02680050482180941
93.82358740027            0.023631229199846768
94.53591202477196         0.02319738751368957
94.63136931043827         0.024142871849326022
94.76931195771746         0.022498464003241847
95.08829633224815         0.020946816642966236
95.44249948929895         0.021032673931080798
95.47203641276343         0.021257394048187314
95.93489593504592         0.021518993706909868
96.29532356503553         0.019788236623452096
96.7295475181183          0.018639795537095407
97.52548000471648         0.018935184485442007
97.97366651865099         0.018631775220851143
97.97902583631672         0.0175988499693691
98.2987291993164          0.015022816760229969
98.51595165514085         0.014681392974311036
98.56164524517551         0.016947638032894216
99.19151272751648         0.018026796047445497
99.46673115845834         0.017484092566306685
99.74571287990283         0.01649207812696203
100.45564456004993        0.015522699119166032
100.69419614076847        0.013899734263636339
100.93078975076895        0.012814542350866532
100.9337519111858         0.012104929677831349
101.38170312310076        0.011401064521943685
101.38564998360567        0.011608085545679546
101.41013019307822        0.011733880535116677
101.4762777368961         0.012983099984469625
102.34223617624806        0.012526832220593111
102.59799751604737        0.010367076922232505
102.63801161263149        0.01000855754045048
103.29289841071125        0.011017299484696475
103.55901467929131        0.011176519010283551
103.94463205486556        0.010639442499956818
104.27600890746668        0.010517977968898761
104.88534788152403        0.00990818613719022
105.211041931697          0.008941209251978593
105.3058112269288         0.008361448240228598
105.94634627354858        0.009028257252638434
106.46009887312464        0.009080908414377484
106.55666459470059        0.007564118120691582
106.8940060524207         0.006457330703958183
107.37063327884232        0.007050915374398933
108.02946634738086        0.007686043011987104
108.65015636981124        0.007835088039353701
108.85361415146814        0.008170603552177233
109.27478353071288        0.008402118561706121
109.58259505016122        0.008199841129260855
109.75600230193233        0.0071807890297244555
110.12052936730538        0.006284973182735411
110.35114814109255        0.00592741337966597
110.8776613133438         0.0056522009954769895
111.07915462248084        0.0055880023151781205
111.9710049397334         0.0056486868725975775
112.12928111267188        0.0057720332534355965
112.35372283066866        0.006018908664342942
112.58414369051934        0.006372636017690227
112.5882466684635         0.006171871838473474
112.59367727495774        0.005941281309852419
112.59418290065557        0.006018151606886516
113.53981730739973        0.005645710073450041
114.56075720457443        0.004376488781622126
114.80975346471803        0.003099224521610708
115.12250820612488        0.0033202075792326527
115.54280530329046        0.0035229127949494383
115.59312648611629        0.003122900549866547
116.08298612891181        0.0026858004795233675
116.11838106127075        0.0022482453472673376
116.26285976183757        0.003345654257261546
116.53230189046516        0.0043708367172605135
116.61654851738041        0.004298310359243266
117.01475531929671        0.004479332812197945
117.53689763029973        0.0045414343896554524
117.54983232380992        0.004422145253581801
117.56625546388071        0.004015999861801775
117.59430817899073        0.0029070791156658934
118.1239477171043         0.002204553878278144
118.19381358534741        0.0018624042576827324
118.4071347469092         0.0022569505847764293
119.33450113363097        0.002735406085830068
119.37626194331206        0.0024763838575873696
119.57781295375241        0.0021400190894106334
119.59208033062566        0.0018035366938241066
119.64042086174479        0.0018640921094036833
119.6984843541935         0.0019246532522034828
119.7175058102924         0.002665411069722623
120                       0.004226456650721152
120.08764917395115        0.005046648116327724
120.10712121683716        0.0044033120192839195
121.1651406790512         0.0036562665743006687
121.41783065379926        0.0031829582244181543
122.17615762903802        0.0028150685190372186
122.45634961120632        0.003042211617634649
122.50232084735481        0.0031073909828660297
122.64953774307604        0.0029599590339921943
122.73586364900054        0.002974269083134788
123.39412201887657        0.0031115194068535683
123.55355572996524        0.0032483602121848093
123.74926567857233        0.0031091803692856134
125                       0.002387095356961703
126.10907300456537        0.0018450513542821608
126.49426630629617        0.00188657745958422
127.69230337237889        0.001849695277419964
128.06457351294642        0.0016289827057085235
128.29492189267222        0.0014252623248990589
128.79362699096987        0.0014051215134527192
128.93453831274448        0.0014320293049735703
130.42472604996533        0.001529342679726917
130.67174449065323        0.0015995249219505404
130.8286356848305         0.0014340961629275325
132.75125021150205        0.001451590258447368
133.079240370373          0.0016343335349455136
133.16545300439955        0.0017137662563251658
133.70473886056317        0.001526049570553329
134.39440101275105        0.0012553441575373818
135.31652940072792        0.0011114201853097416
138.9859025169412         8.825494406105472E-4
140.41942441052043        8.708242313129068E-4
141.69551320920277        9.477843185419057E-4
143.62282007251625        0.0010035130800364915
143.70341569718218        9.025011195932442E-4
143.76152365340363        7.459254450086568E-4
143.7816921795339         6.365778122608808E-4
145.70160321493123        4.539377792718099E-4
147.63723153269842        4.404866028347686E-4
150.0018960435881         5.004102186424342E-4
151.6334528046434         4.0926914858886916E-4
153.15061679730383        3.1308900639327546E-4
156.90639149994598        2.9806983341437753E-4
157.0380619098874         1.9684673374513557E-4
164.97119561388268        8.74079128501219E-5
165.25479748939705        7.461072256564568E-5
165.26072296684927        9.076962048926778E-5
165.26332497668596        9.709390172077639E-5
165.26376804072822        9.272575753587828E-5
165.2638744478077         9.920549233185172E-5
165.26389077373588        1.0568522720006805E-4
165.26578153130677        7.420969888829092E-5
165.26963762600957        4.273417196604023E-5
165.3204084208979         5.295353962949291E-5
175.2556158534452         3.3359650917730445E-5
175.367289188901          3.5424736586628917E-6
177.13161535858586        5.5247962910402E-5
179.19251172701888        5.7900873820993385E-5
180.27089825407307        8.850633912319248E-6
183.88467397903804        1.448193518825858E-5
184.57554445271893        3.500877790978763E-5
192.79085314972014        3.7684305172643185E-5
192.79222889962767        2.5462272846572878E-5
192.79256366015915        1.9116348257829653E-5
192.79737111389719        1.2168863897190894E-5
192.79856905708556        1.0805453882926858E-5
192.8001953471918         3.3135526885536774E-5
192.80308769974863        6.405653616294072E-5
192.80625464550772        7.188562280970942E-5
199.1792245570393         7.430789788318057E-5
206.89931904349746        8.395769580467688E-5
207.41483066762112        1.058851144319638E-4
207.63214730557172        1.1066057176956366E-4
207.93932055195222        8.117449510720033E-5
208.08905557121966        5.592870011661813E-5
210.17441639869847        5.426004145514504E-5
213.08610249716546        4.928192391437668E-5
215.5798644656479         4.028737983829596E-5
219.59031423214574        4.511344890651744E-5
219.6619151901036         3.813338111175755E-5
219.85766358596618        2.6327882113415774E-5
220.53242160133877        1.5070499321026834E-5
227.9670087790476         4.6588572891536085E-6
229.2151461409985         5.504629795527282E-6
230.58307464284098        3.408775110317686E-6
231.64560382201708        7.240473530562011E-6
233.43742825170017        1.3167991716378744E-5
234.1372035875174         2.2358627099151204E-5
235.6635684773259         3.327945779228332E-5
238.32465201548808        3.500946925905771E-5
240.91147651870233        3.4685984964094326E-5
241.74062035215357        3.0061583058569845E-5
242.47441660585926        2.576040123821643E-5
245.04883965285632        1.9439501579147856E-5
254.14913319276394        2.8283307179218368E-5
262.33660126530833        5.066964114008639E-5
271.0560087577929         3.588926032518787E-5
279.70563080771336        2.133168671944107E-5
287.96288432282194        7.266792748178441E-5
296.35607535562787        1.2189238202292041E-4
296.7400518501102         1.2697796790354894E-4
297.3921206941614         1.1722537544789893E-4
301.71844871590656        1.0772709357311823E-4
303.30051545674127        1.0390314197514496E-4
305.1783544093622         9.199349874167431E-5
307.8455473213004         8.390599886791178E-5
307.8708739655672         7.263036567846577E-5
311.540558124736          5.132424510514058E-5
314.01534417695404        4.129468658797086E-5
314.05056978637776        2.9152011943621393E-5
315.44272989442385        1.631190538342627E-5
319.5800520985945         2.1689916291052783E-5
322.23760488778873        2.7765626947899198E-5
323.05338631046055        3.197157103025298E-5
323.16138141381754        5.390010353377028E-5
333.6747918148857         1.0085295421427058E-4
341.07676715006187        1.2854889285159233E-4
344.36905412750207        1.2492841634300272E-4
344.76342376856746        1.2284459872830775E-4
347.44859849647344        1.1481122114836203E-4
354.19813221563805        5.984576682188157E-5
363.58359068689856        2.709913489868662E-5
365.53440254865353        4.076308738828476E-5
365.9670949061789         4.023841489678011E-5
366.32531066991487        4.6196253469485746E-5
374.72147261639054        7.394309564175372E-5
384.4748430415376         9.530239953768962E-5
385.97618547899367        8.953036624880264E-5
387.2815238074287         8.505958714941681E-5
388.0998374326282         8.593674607233932E-5
388.7373867701582         8.227484733348481E-5
396.64369414016716        5.348189594252762E-5
407.4097624832335         1.832954987234577E-5
407.556567711354          8.304754017423171E-6
407.5931045766382         5.436471793184205E-6
407.6924461909293         1.3852748479089673E-5
418.5659156639438         2.6435543227927583E-5
428.1973738241316         1.9611197739233376E-5
438.15771250130757        1.15179802014383E-5
446.82024027991696        1.383230803908693E-5
447.0631397209932         1.84950538976108E-5
457.7495093386713         1.710736621062576E-5
467.9713200921131         9.00174598801648E-6
468.4164621552193         7.937479887008958E-6
470.20345489544957        3.20483241257232E-5
472.02853412867904        7.081058642828187E-5
474.101184855138          8.873948085206435E-5
477.9196085894711         1.0755191949895425E-4
481.57317752828317        1.491242881637596E-4
483.2336162428554         1.9230512415844696E-4
486.2648336209179         2.0816207924396902E-4
488.1070908629074         2.035941789601879E-4
489.96800336587563        2.1216021092428306E-4
490.290606017915          2.3869446418222246E-4
490.3641108166857         2.5666922117862837E-4
491.18910494039824        2.854476405962082E-4
492.48144274684194        3.142332870693333E-4
492.7574147600458         3.164213912588657E-4
493.795370226687          3.356035155069493E-4
495.2659414789457         3.6974306209481536E-4
496.1345770362028         3.8689108282207954E-4
496.1541677980118         4.2328428115817504E-4
496.26917969373585        4.596795875665296E-4
496.7973658524206         4.644861876371187E-4
498.97806463508573        4.8768556566616855E-4
499.1745824578683         5.060469484769886E-4
500.7282301040872         5.324537168859408E-4
501.17466521926326        5.873137214362304E-4
502.3997904240889         6.158382623808148E-4
502.6091639080564         6.312713540332377E-4
504.1439222333345         6.786395818557204E-4
505.12065081970513        7.378245010384604E-4
505.2883728812165         7.650908131842745E-4
505.5345103505547         7.983700710617755E-4
507.5993014614184         8.506970028549987E-4
507.64565618091916        8.696215061694251E-4
507.65208498615857        8.985727772938745E-4
507.73503978341785        9.220903297321624E-4
509.30887654062406        9.702433873667346E-4
510.24200595646175        0.0010533251644153979
511.0975215090832         0.0011055929858875037
511.32370206190365        0.001128267883698068
511.7638299620203         0.0011734565782478491
513.2498648703207         0.001236768355384883
513.388329308222          0.0013035821021150275
513.6771264577956         0.001352465660757695
513.7056707231245         0.0013771421690710382
513.7312678239881         0.001406965546960277
513.7816985505469         0.0014064196937974252
515.5276114993411         0.0014548888748656282
515.5585961170423         0.0015218888052192297
515.9309940652114         0.0015351339108924727
516                       0.0015351499340409763
