1                         1.2763588849714766       1000                     0.5310341441982088
2                         -1.2134029847215744      1000                     0.2469075001338374
3                         -3.2182480774674587      1000                     1.5550104494249057
4                         0.8423739247676107       1000.0000000000002       1.046966109121402
5                         -2.8048451644095644      1000                     -2.857482101987769
6                         -2.8825869036446714      1000                     -4.341291038238012
7                         0.41101160557932126      1000                     4.79815471442894
8                         4.861256022623736        1000                     -1.6910547854967446
9                         0.4704494090900299       1000                     1.5225898074842241
10                        3.835906436083431        1000                     -2.470998837193222
11                        -2.1694270575786243      1000                     -2.2572921568905406
12                        -0.9925755134058876      1000                     2.7362627919717974
13                        0.5540880505625898       1000                     3.2137163225663534
14                        -2.8669190940100107      1000                     -0.5611148507393832
15                        -2.5942543332052894      1000                     -1.2397028442070532
16                        -4.1883624083430915      1000.0000000000002       -0.09410048642156932
17                        -2.533794493207888       1000                     -2.9236466010560984
18                        3.744447507904946        1000                     -2.7781185858499273
19                        0.901339634847708        1000                     -3.954620970176662
20                        -2.1029779934211734      1000                     1.6381261066719865
21                        -0.3449488427269519      1000                     -1.4584747550527841
22                        3.0541281389817216       1000                     2.399763501795436
23                        -2.9591368807552345      1000                     0.3446937765677348
24                        -0.35791508100680813     1000.0000000000002       2.946080311476192
25                        0.21266726454174295      999.9999999999999        -0.16525215827743533
26                        -4.184964540014248       1000                     0.42255133977937703
27                        1.5916447806765561       1000                     0.38679954689954266
28                        -0.7019809835655892      1000                     0.04786568027141967
29                        4.792426957829336        1000                     -1.2956503088307931
30                        4.037768364098224        1000                     -0.2639812693055982
31                        0.6064325939065195       1000                     -1.3088052064185505
32                        -4.2208213187188655      1000                     -0.8180151698542133
33                        0.5822452926172168       999.9999999999999        -0.7407731388550116
34                        -2.323977687741752       1000                     -4.554410549595862
35                        0.1456926683461716       1000                     -2.6547269801095834
36                        0.767778957306747        1000                     1.6264224048414349
37                        -4.642763181504055       1000                     0.19628229914735196
38                        4.156211331528186        1000                     0.20030672123863466
39                        2.794614806967956        1000                     -2.611403814646709
40                        -0.34162561056511154     1000.0000000000002       0.5467604393266341
41                        -0.6596508898259286      1000                     0.7624336382334774
42                        1.5981064180199915       999.9999999999999        -0.19494546567741977
43                        3.6510755509062633       1000                     -2.43174904654866
44                        0.22617063987981637      1000.0000000000002       0.054699262628259866
45                        -1.0801587443989176      1000                     2.3003883668018608
46                        -1.2925354949138956      1000                     3.5163799196021364
47                        0.8989719166502996       1000                     0.23422136808761898
48                        -0.44327160100326546     1000                     -3.9244965655746786
49                        1.1645733003684329       1000                     -4.52792978107969
50                        -2.2402552351630494      1000                     -4.498055524934394
51                        -0.9099755705787373      1000                     1.7881946073782362
52                        -0.10974023838170471     1000                     -0.3889643940987269
53                        -0.16307918099644064     1000                     -1.0243517857633782
54                        -1.669036320711717       1000                     4.266209040481689
55                        -0.9229785843757153      1000.0000000000002       -0.11698507369197875
56                        1.5150318592813474       1000                     -0.4257933119606853
57                        -2.0813970049335997      1000                     0.23505454987676105
58                        -2.0511440377987236      1000.0000000000002       1.1169420364711264
59                        -0.0745367217945031      1000                     -2.8957444924343445
60                        0.21801310803909274      1000                     -2.1932066317126546
61                        1.371600734670959        1000                     -3.6314976765289533
62                        5.387109537160691        1000                     -1.385883173842864
63                        -0.381795017414811       1000                     -1.4432892516058569
64                        -4.600481080253465       1000                     -0.3021471362446348
65                        2.0069845643730453       1000                     -3.535988438435719
66                        -3.5178610152646295      1000                     0.5835049801202565
67                        -2.2911225252636003      1000                     1.9816286350395067
68                        -0.4740170205794632      1000.0000000000002       0.8076659438843584
69                        2.128856427628565        1000                     4.056700810416232
70                        -1.1790005133028454      1000                     0.17320883337569487
71                        0.17248214328447262      1000                     -0.9698077033267415
72                        4.424870432748977        1000                     1.0060298902994924
73                        -1.0296982580700038      1000.0000000000002       -1.151940616776559
74                        -2.6415077124941972      1000.0000000000002       2.0624608164356326
75                        1.575236064314576        1000                     -4.481608505346466
76                        1.8633112807727839       1000.0000000000002       0.12566282235682041
77                        -0.11666701080516935     1000                     0.4899857973230848
78                        0.26883958027270727      1000                     -4.181575104008166
79                        -0.29905755894840325     1000                     2.1502974872337055
80                        1.3956662431941815       1000                     -0.9978451835633932
81                        1.2283591286699218       1000                     3.8217791026369987
82                        1.3124317748884307       1000                     -4.3065323352707345
83                        1.970967654627889        1000                     -4.429341414305388
84                        -4.566618457817567       1000                     -1.63365390720447
85                        3.599490419356619        999.9999999999999        -3.2957826777470793
86                        0.3239793403021143       1000                     -1.6538169527005353
87                        2.752799421667609        1000.0000000000002       0.8434999083665461
88                        -3.958470389314415       1000                     -1.6377495962271729
89                        -0.9706472870343203      1000                     0.7077922112626793
90                        -1.151705933223582       1000                     -2.7808490647270383
91                        -0.3303218354600826      1000                     1.3964152635150044
92                        4.4110242086768565       1000                     -0.1160007601857475
93                        2.2980030489432863       1000                     -1.0154951008094049
94                        1.1290074042157663       1000                     -3.3123240300516192
95                        4.608764291479998        1000                     2.1688140854586737
96                        -0.9582201874561598      1000                     -1.2183629352862932
97                        -2.4756212252254057      1000                     2.671413349957572
98                        0.5990533109483919       1000                     -4.327841066000131
99                        1.6334782898992175       1000                     -3.7472572934427872
100                       -2.359147445570528       1000                     1.2883355218485857
101                       -0.09963437628779132     1000                     1.1403350583371192
102                       2.026060159284975        1000                     3.095727149064393
103                       1.5781754821560252       1000                     -1.997315052064341
104                       0.7114115224856087       1000                     -0.8556426161024004
105                       4.523878311561587        1000                     -0.19746373473101866
106                       -0.8549595974079585      1000                     -3.293784074124658
107                       1.9327984864669865       1000                     2.0786800367586276
108                       3.004342887353906        1000                     2.516833789938994
109                       3.9349353843556885       1000                     -2.389929259138073
110                       -1.252100138966123       1000                     0.2865694118747001
111                       -0.3837129855927652      1000                     -0.19643018428795544
112                       -3.479412632960187       1000                     -2.3662997756741615
113                       3.837559558173305        1000                     -1.7628545000423719
114                       0.8000540483622248       1000                     -4.344014340598581
115                       -2.5521929438499504      1000                     -0.028977306178042898
116                       -0.17997598495045022     1000                     4.508282613601379
117                       3.7589467975491218       1000                     2.5464976877615935
118                       0.100127210892536        1000                     -1.5316633432218967
119                       -1.8689402504641897      1000                     0.3357057013306643
120                       -0.14239408404215959     1000                     -0.35488023178245015
121                       0.3751207253455108       1000                     1.2955712809056663
122                       0.2598860620552116       1000.0000000000002       -0.9865260654316542
123                       4.584911515390035        1000                     0.23409425153376973
124                       0.5570881624445921       1000                     -1.6979138138786816
125                       2.1083272743270576       1000                     -0.2766616886684552
126                       0.9071718105167134       1000                     0.8987584124842847
127                       -0.6968037496240331      1000                     -3.3444630231175947
128                       -2.7134761278558033      1000                     0.007052189659271049
129                       -0.876502068009992       1000                     3.2852007572931687
130                       0.3414096077358016       1000                     -0.15050001257714288
131                       3.2910290833335405       1000                     3.3729005201597597
132                       1.4592011859968783       999.9999999999999        -0.6014805084540175
133                       0.5252806154482152       1000.0000000000002       2.9697425261390853
134                       0.5840182436578241       1000                     -1.4830007556570886
135                       -0.9726500010966205      1000.0000000000002       0.5175421873293783
136                       0.3619928240533463       1000                     -0.4407590547731097
137                       -0.476526606018989       1000                     -0.6930902680784669
138                       -1.2898394376103957      1000                     -0.35845466379549584
139                       -0.2537396650288085      1000                     1.2701902580632995
140                       1.0668324343692577       1000                     -1.3510067113900968
141                       4.374212147948062        1000                     -0.4781947343199845
142                       0.5685021723510666       1000                     -1.2079319657432253
143                       0.894908051037169        1000                     1.3441902640991366
144                       -1.2856498824304325      1000                     -0.228981266185004
145                       -0.988982944046833       1000                     -0.5816700377348514
146                       1.0153993779853805       1000                     -1.168309683090316
147                       -0.007457595505837452    1000.0000000000002       -0.4354225778628935
148                       4.949697946443692        1000                     -0.4424760634270093
149                       1.7330506551601343       1000                     0.9578315492762555
150                       -0.42057502800731544     1000                     -4.818682431519947
151                       3.4989398167322583       999.9999999999999        -2.3562457917338233
152                       -0.8996383131410126      1000.0000000000002       2.3018491902594334
153                       -2.633354401182238       1000                     0.31849747671231954
154                       -0.4520648089906803      1000                     0.7612902328356559
155                       -3.1879202327063862      1000                     1.9446503293014343
156                       1.3000717783982672       1000                     -0.6157804199138877
157                       0.948169430420906        1000                     3.1517505991375914
158                       1.5299299814249974       1000                     0.34491746140808854
159                       1.2700828413274372       1000.0000000000002       -0.842260720670532
160                       -1.3180764077064977      1000                     3.713951657701792
161                       -0.2360579645674011      1000                     -0.9880719117634789
162                       -1.8576309219433065      1000                     1.6042074064973868
163                       -0.9114773000063121      1000                     -1.146774638435768
164                       4.0718383627959325       1000                     1.0604436963283874
165                       0.6959675768084214       1000                     1.6284797525667596
166                       -3.621379276632523       1000                     -1.4652347082864738
167                       3.596484170182818        1000                     -4.233068400542118
168                       -3.490943390551629       1000                     -0.40083362137802114
169                       0.1608732117572362       1000                     -0.1727938960592913
170                       3.4739470296633144       1000                     -3.2020019373939816
171                       5.111834925187777        1000                     -1.644683025773514
172                       -0.3198476027826739      1000                     -3.9828285526576894
173                       1.2184185686727915       1000                     -0.48699804870027946
174                       0.5437108571656613       1000                     1.3449045171941096
175                       -1.9150466100476216      1000                     -2.7045363267623097
176                       1.1111206244910148       1000                     -2.3676783724035246
177                       -2.739722955056574       1000                     2.9206116810177436
178                       -1.0740478666255282      1000                     -2.319927600591727
179                       2.740191853127771        1000                     3.1840776986377133
180                       -0.07507243706045313     1000                     -5.520639558963658
181                       1.9661474231376894       1000                     -3.0501046278011255
182                       -0.45085189314264007     1000                     3.20251101432247
183                       1.053774302766236        1000                     0.2561516127502086
184                       0.08459821536800687      1000                     -0.10841603543176895
185                       -3.9335512627765095      1000                     1.3187041567136542
186                       4.03262646183208         1000                     0.5945021110438473
187                       4.440970305063739        1000                     2.3380444516080185
188                       0.12726138096498812      1000                     -0.3356248157471162
189                       -0.6490174743306066      1000                     -0.6467901066869046
190                       1.2252722359250119       1000                     -4.553348220319936
191                       -1.6218545007361         1000                     0.7503084645849271
192                       -1.0490076389750813      1000                     -0.6017137489927388
193                       -0.32702787363345104     1000                     -0.3959587332060076
194                       5.212295163278819        1000                     0.39548061394049533
195                       -1.247315960777203       1000                     -0.4594708145109676
196                       -1.101055745534739       1000                     -2.6468439519772593
197                       -0.09503410103473123     1000                     -0.21703282041557825
198                       -0.37215110515594096     1000                     2.450319786802549
199                       -0.6892063071480476      1000                     -1.081751937346491
200                       -0.5467683746901274      1000                     -0.21566468265604274
201                       3.3267750242833074       1000                     -0.7899741721799556
202                       2.5204191087165793       1000                     -2.2388511656600723
203                       -0.31725048381293236     1000                     -1.804433661018868
204                       1.5475786009562318       1000                     2.741106923387387
205                       0.46069301728327916      1000                     -3.77705950627883
206                       -0.34853943097688506     1000                     -0.4857789737691251
207                       0.8861912727249883       1000                     0.37611037330509856
208                       1.0290420006143286       1000                     -1.0475917463660405
209                       -4.818631961849043       1000                     0.20605790456109155
210                       0.6714120139540026       1000                     -0.5315769318064891
211                       0.4618873337105748       1000                     -0.15093926064320862
212                       -1.8520981796154028      1000                     -1.5781986617761725
213                       0.3076674175114648       1000                     -2.7626314701603962
214                       -1.950438374923195       1000                     -1.066190269355785
215                       2.403810893934604        1000                     -3.705785044587405
216                       4.256187637813278        1000                     -0.6592314778483002
217                       -0.6624521892993898      1000                     -0.08422460791094571
218                       -2.763586729007919       1000                     -1.2172186953060486
219                       2.0360042967621186       1000.0000000000002       -3.59763667295452
220                       -2.9985478867668074      1000.0000000000002       1.9029060796077468
221                       -0.3306812309378935      1000                     -3.9258556137048455
222                       1.738581094182359        1000                     -0.9464661631899116
223                       -0.025754002386985803    1000                     0.9813884146869714
224                       0.23205057691147946      1000                     -2.501003479507984
225                       -2.514775487089135       1000                     -4.382721566977545
226                       0.7118648674201286       1000                     1.2900268596406894
227                       3.0048638983896767       1000                     -3.2940198940311483
228                       5.119809039038746        1000                     1.3739677469745977
229                       -4.710965690684671       1000.0000000000002       -1.4053085351042023
230                       0.8568680097857083       1000                     0.22267031896502554
231                       -0.36536721101276814     1000                     1.4049424086553184
232                       1.8861908173801936       1000.0000000000002       2.703427078315047
233                       0.5691440734024301       999.9999999999999        -1.2208923213233311
234                       0.06927728857910714      1000                     3.646971764659601
235                       -2.4327242376516582      1000                     -2.4606850420487167
236                       -2.8815510272892677      1000                     -2.79875841902335
237                       -0.47842767721305557     999.9999999999999        0.004216546100066292
238                       -3.716075362651129       1000.0000000000002       0.383979861934865
239                       0.30141903680609317      1000                     -3.1466200140057228
240                       -1.5315711642163916      1000                     -1.1525494203977094
241                       4.088892076357076        1000                     -1.334576539080468
242                       0.7070994535019863       999.9999999999999        -0.8204289214541033
243                       -1.1470297173507635      1000                     3.647727698429826
244                       -3.10845266037109        1000                     -1.7005835763092467
245                       1.210459086652218        1000                     0.7498113699441343
246                       -0.454096992464368       1000                     0.6821866118477286
247                       1.0335261869368257       1000                     1.08575648236057
248                       2.7537502651676546       1000                     2.9387186197167883
249                       0.41131305638287163      1000                     -5.100394658110199
250                       -0.4645143355889822      1000.0000000000002       -5.26190765039924
251                       -0.9237671466265371      1000                     -0.4568093924967997
252                       4.322152960728732        1000                     -3.113182055681846
253                       -0.39371313107970735     1000                     -1.1877769259258624
254                       -2.5348781151055917      1000.0000000000002       -1.1969087497089004
255                       -1.7219136024772663      1000                     1.7518533340768492
256                       2.476656792206282        1000                     -4.731515062504342
257                       -1.0123380113113079      1000                     -2.9111607763298384
258                       0.4192152209172318       1000                     0.07648707818236394
259                       -2.0922826637597995      1000.0000000000002       -2.4970813121259625
260                       -4.832538149897281       1000.0000000000002       -0.641800762935588
261                       0.6268575209211211       1000                     -0.7309920498291012
262                       -0.9256978117121487      1000                     -0.11123730953547173
263                       0.9066651419108614       1000                     -5.343234494119104
264                       0.09863773235039436      1000                     0.2117538577404469
265                       -0.8588077356108518      1000                     -0.890867557146491
266                       0.4061547096724071       999.9999999999999        0.2569382945103209
267                       -0.22178037462343153     1000                     0.40019165350736163
268                       -3.1994639216802665      1000                     -1.76792718474636
269                       0.6323867548471765       1000                     -0.25165017180749916
270                       -4.072336210328433       1000                     0.9340829551864396
271                       -2.6604803623256807      1000                     -1.2288041795288303
272                       3.2821329439167672       1000                     2.8795867940740534
273                       -1.6572663969606867      1000                     1.8800562730408905
274                       1.0502719712779558       1000                     3.9266238622199063
275                       -0.9425445287088302      1000                     -0.29731385623017054
276                       0.47413397838590654      1000                     -1.0676739996995337
277                       -0.783039137716499       1000                     0.40545676409556186
278                       1.1364896519518897       1000                     -0.9706805005059802
279                       -2.755503008302316       1000                     -2.7865006891352744
280                       3.847969791328607        1000                     -0.2620710637922535
281                       0.5491701133723355       1000                     2.9790087217299033
282                       4.84073945722204         1000                     -1.989147017643853
283                       1.5023347514897596       1000                     0.5470592943640826
284                       1.5014404300408364       1000                     1.0368036788511779
285                       1.6890358247373187       1000                     1.289679083748349
286                       -0.4191478789055365      1000                     -0.8912211764811094
287                       -4.114642058960689       1000                     -3.0333893292502574
288                       -2.3623058812360056      1000                     -2.6965472438479448
289                       -0.9605730361553058      1000                     0.11825843456968443
290                       1.8143794320294202       1000                     -0.9574306463836592
291                       3.04593544889105         1000                     -0.49745962063543475
292                       3.736484823707723        1000                     3.358773524566228
293                       -0.299320401188513       1000                     0.8979932151205541
294                       -0.8645651328522904      1000                     1.0813564362521146
295                       3.701203633023866        1000                     -2.3605006158478297
296                       2.6588123245878013       1000                     -3.7145385537477704
297                       -2.87406854547142        1000                     -2.4769117836097525
298                       1.178279399614587        1000                     0.7636912510557181
299                       1.127141871699831        1000                     -3.999764289246163
300                       1.639112511358781        1000                     -0.8473759303838416
301                       -0.23753310657827495     1000                     1.0835962011744027
302                       1.0119685156757305       1000                     0.7935056995922938
303                       -3.9045650683101867      1000                     -3.162259043551799
304                       1.2710282457816344       1000                     -1.4772677253339637
305                       0.08785054987464136      1000                     -0.19160144350684963
306                       1.3628094491603497       1000                     3.797047462784274
307                       1.2373653633790542       1000                     -2.713579485224832
308                       0.8668024710650354       1000                     1.2187584514160361
309                       2.045149242911269        1000                     -1.6518322516486523
310                       1.9683941502041495       1000                     4.245584947068142
311                       2.2845100763942976       1000                     -0.40486985070740056
312                       -0.2038395506415823      1000                     -1.8122746266337222
313                       -1.578219059803184       1000                     0.9063054053770452
314                       -1.3804053835458439      1000                     0.15199509031520103
315                       0.6679062143555732       1000                     3.4664118265109023
316                       0.9766517822413653       1000                     1.000049380983948
317                       1.499925296515085        1000                     1.6915178249830143
318                       3.765970038192391        1000                     -1.9094676829791937
319                       2.277818623490081        1000                     2.5205513328651126
320                       1.1261610130825443       1000                     -0.1277226665876464
321                       1.7413827037376897       1000                     -1.41263989424836
322                       -3.2441375328356785      1000                     1.7241552106724622
323                       0.07167794434922327      1000                     -1.3331083692979635
324                       -1.740657746517577       1000                     1.2783212161501964
325                       -2.1387927084470304      1000                     1.4849523092261743
326                       -1.57195868236869        1000                     -1.3804313323700312
327                       2.0313060547052313       1000                     4.175756371602095
328                       -0.32157384600761224     1000.0000000000002       -0.06417968538148741
329                       -1.9318852552378283      1000                     -1.0554487548222453
330                       -4.476314487480812       1000                     0.8217028907013916
331                       1.0532373278239788       1000                     -1.3716255601049498
332                       4.1098274269819255       1000.0000000000002       0.19774581064184937
333                       1.4009976019435604       1000                     -4.116263946524198
334                       0.49206620613291474      1000                     -0.2948139554109031
335                       -0.24080849949636107     1000                     0.600810183048918
336                       -1.8152418709960103      1000                     4.147644337050732
337                       1.4009066889267352       1000                     0.6130388585746784
338                       2.319725809111722        1000                     -1.6869244447330722
339                       0.7235749112363364       1000                     -1.5187175766679324
340                       -0.8186103128167812      1000                     0.20181115141057573
341                       -3.2459356200136047      1000.0000000000002       0.15226086371164776
342                       -4.14131868134396        1000                     -1.4019150118383983
343                       2.564408375020857        1000                     3.384698312868204
344                       -2.7004494424364487      1000                     2.1384602305753493
345                       3.803853258957477        1000                     -2.8816093195749755
346                       -0.436103940199697       1000                     2.515451997716321
347                       0.8132959047866117       1000                     0.9508040309647604
348                       4.669097509978329        1000                     2.165542888144338
349                       -0.9714454830150883      1000                     2.6508624146222206
350                       1.5300099788531123       1000                     -1.233222510997752
351                       -1.6464914293757371      1000.0000000000002       -3.0493569787396146
352                       -2.998817782694588       1000                     -1.8138725436776035
353                       1.3040273182738957       1000                     2.709645300727026
354                       -3.7170809981696693      1000                     0.6696987824077475
355                       -0.8258528943079607      1000                     2.482608995228481
356                       -0.36894112599619927     1000                     -0.16723722738441385
357                       1.7818777593233215       1000                     2.48160089513119
358                       -1.5426633040338036      1000                     -4.619710348927039
359                       0.45792723698495774      1000                     2.388250348637234
360                       -1.3239723036160005      1000                     -2.161520798680615
361                       -2.1094151172054705      1000.0000000000002       -2.266418858361172
362                       -0.0909679062231162      1000                     -1.9866098121384184
363                       0.0952935217383824       1000                     0.28453897900767466
364                       1.045021443066234        1000                     -0.9456059072772802
365                       2.474654585434796        1000                     3.561584197670251
366                       -1.1184641649491252      1000                     -0.27260059081654536
367                       -1.319849805944678       1000                     -0.7183368694791366
368                       3.7284900786362556       1000                     -0.4917770070857868
369                       -0.09693813896877358     1000                     4.6922898187174615
370                       1.7308444345668592       1000                     0.008571629308501437
371                       0.37247085431772764      1000                     -1.6449866195399911
372                       1.3673303515574349       1000                     -2.0126220614583317
373                       0.9236139043825233       1000                     0.9585087629772332
374                       -0.07524965196038305     1000                     -0.7857928631158231
375                       1.5547889772872712       1000                     -0.11971644646213947
376                       -3.8410594910162197      1000                     1.4823551524358534
377                       -0.04829633421616626     1000                     -3.1352589867357
378                       0.41748256219551905      1000                     -4.260907386326151
379                       1.568319451491573        1000.0000000000002       1.2053553174790548
380                       0.7978079192035769       1000                     -3.199659753934082
381                       -4.244091663266792       1000                     1.8125237764831776
382                       2.8535555778378683       1000                     1.26491445650733
383                       2.778966737915724        1000                     2.2220075177276755
384                       1.6037712931479429       1000                     0.37238935434966974
385                       -0.43459492624984614     1000                     -0.5111269184885747
386                       2.3476425674535246       1000                     -2.1736523087173154
387                       -1.9615255621229155      1000                     0.5255437681175031
388                       -0.5422287936600532      1000                     -1.7193015263495286
389                       0.1641935758062244       1000                     -0.9445130183148644
390                       -1.9602217388279821      1000                     -3.1316296797331176
391                       1.2429441399296723       1000.0000000000002       0.2734795436388677
392                       -0.8042753020859289      1000                     -1.9627618169857437
393                       -0.8085192001981726      1000                     -3.8123789191374335
394                       -4.14237634801781        1000                     -0.7913972654655752
395                       -0.36128078394970536     1000.0000000000002       -0.9041487537742791
396                       1.3260128931495532       1000                     -1.3889455517343043
397                       -0.8524789745055101      1000                     0.8375160144101562
398                       3.828322123025722        1000                     0.5402472651118638
399                       -1.5655033137563592      1000                     1.9597729344425345
400                       -1.8546585237199615      1000                     -0.9485401673320812
401                       2.692100593791941        1000                     -0.7634363371768571
402                       1.245834531970672        1000                     -0.7316661533614368
403                       -3.531947819203086       1000                     2.989607869881985
404                       -3.5801693646683637      1000                     -3.5965535051044655
405                       -1.8425778790599747      1000                     -4.058379847017742
406                       0.05819752810559735      1000                     -1.6748704286658076
407                       -0.6433272433199022      1000                     0.8213260370286977
408                       1.4842383777436303       1000                     -0.676427662512116
409                       2.715505897978064        1000                     -3.367902443463844
410                       0.5605593208982174       1000.0000000000002       -2.692345016825727
411                       1.178150400056463        1000                     -1.1652171985578483
412                       1.673634988284919        1000                     3.293375532541689
413                       1.1212205674969413       1000                     -0.5751060886798005
414                       -1.8162723567546137      1000.0000000000002       -3.697256166328898
415                       -0.5210596403183066      1000                     0.6222417771593846
416                       2.5884522356804784       1000                     3.304542545496684
417                       2.1669672224711403       1000                     -0.9469388253144153
418                       -1.9110626527209114      1000                     -0.41484849705458077
419                       0.03228453841851837      1000                     -1.8200743233037031
420                       -2.594825179223092       1000                     -1.6819816826956038
421                       1.8297385907917585       1000                     -2.7031882458272904
422                       2.7668981193262425       1000.0000000000002       2.913788335636352
423                       -0.8694132585215213      1000                     -1.7418030092229648
424                       0.0719006078594043       1000                     -3.067760116083595
425                       0.42108991688660974      1000                     -3.6040543108166605
426                       1.2133246152405          1000                     -1.352296566471213
427                       0.07296532799107598      1000.0000000000002       -1.0843948614966712
428                       0.9061207281833803       1000                     -4.497104880575554
429                       3.949792217773927        1000                     3.1531784250946546
430                       0.39365605513546353      1000                     -1.9760279174495303
431                       0.29971819988749593      1000                     -3.8021798881290394
432                       2.6972822702564736       1000                     -2.409775753398431
433                       -0.18810517043392988     1000                     -0.44181601441758395
434                       0.7017141529793743       1000.0000000000002       -3.3768388373829996
435                       0.01780773230551641      1000                     0.08134736528721559
436                       -0.8563868660926351      1000                     0.917375748024559
437                       4.244675827824279        1000                     -1.5368410273480364
438                       3.174563398477234        1000                     -2.1015316607846533
439                       2.794785599367277        1000                     0.21810891989138612
440                       -3.4283095075763343      1000                     2.0134199730675695
441                       0.42700751195484316      1000                     -0.22621436499034608
442                       2.3905585883591356       1000                     3.0226874445740752
443                       4.1313963567496605       1000                     0.12951476019635877
444                       0.4175173758311151       1000                     -0.6456807658904028
445                       -1.2260207383709163      1000.0000000000002       -0.09954673124534168
446                       0.4767091304345709       1000                     0.9420072458616743
447                       -3.194095839107674       1000                     1.3105100128955702
448                       2.28880556648713         1000                     -3.1769518239012133
449                       1.5665238707004006       1000                     -1.1592363071038816
450                       0.16075066808215197      1000                     1.0038220334319674
451                       1.4583063672065715       1000                     -1.1394075832796335
452                       2.604318845164202        1000                     -1.6034252091687433
453                       1.1054265075987981       1000                     -0.05751850600225659
454                       4.237850597539653        1000                     -0.41989579721057296
455                       1.7579767211859678       1000                     -2.8439534009380503
456                       2.3215091389198843       1000                     -0.21517523768308902
457                       4.690848432370614        1000                     0.7464421243647609
458                       -0.1355821907970535      1000                     -1.0816101857761964
459                       0.13597905372042632      1000                     1.3727231823856487
460                       -2.958401702811669       1000.0000000000002       1.1061465488476414
461                       0.22670321860776305      1000                     -0.1649614358730019
462                       1.7502552706329875       1000.0000000000002       0.19668330559418745
463                       1.0017612641721614       1000                     -3.587833876204741
464                       0.7449753596148957       1000                     0.141662373527619
465                       0.29175109125945686      1000                     1.1593806384402878
466                       2.151063494635269        1000                     -0.9968794938879694
467                       1.1007660606649403       999.9999999999999        0.1446371577373476
468                       -3.7062351889056937      1000                     -0.6126587042606294
469                       -0.9547278027486316      1000                     -1.133257648524457
470                       1.045159108818152        1000.0000000000002       -1.1333575662035833
471                       1.2294155110820353       1000                     -3.4964010706550477
472                       1.9910173648291365       1000                     -1.6232608434122087
473                       1.2589163817825746       1000                     -0.6574892107448546
474                       0.7639781978057413       1000                     0.34332623511973037
475                       -1.0870596742882837      1000                     -0.35301000013219364
476                       0.577715196043941        1000                     -0.40748057789230435
477                       3.739561517869184        1000                     1.2799432371476929
478                       0.18448480408396017      1000                     -1.323023728891854
479                       0.03612558367680998      1000                     -0.1635083314073555
480                       -0.04256354399300088     1000                     -4.092007660709265
481                       -4.286783856531051       1000                     1.4103051354781855
482                       -1.205613167040992       1000                     -4.494089830346556
483                       -1.1352877512746793      1000                     -1.1416081122574366
484                       1.5998887830202455       1000                     -1.2763761127712676
485                       0.7532391739623434       1000                     -1.8706445762109174
486                       0.5581551408727384       1000                     -0.804480996124797
487                       -1.3665155182945503      1000.0000000000002       -3.224595661226908
488                       1.561465762072241        1000                     -1.3261272982912964
489                       -0.144940326766082       1000                     -0.7549060004895127
490                       1.722619453304736        1000                     3.621808361454353
491                       1.1929994864814277       1000                     -4.013558966859134
492                       0.2440728251224546       1000                     -1.713339486409773
493                       -0.4534406994603455      1000                     2.5275589351364265
494                       -2.8125809692240686      1000                     -2.0328745953894076
495                       1.3567116408819175       1000                     0.5371062220727448
496                       0.3340407500371234       1000                     3.7436573276561633
497                       1.5822599006779032       1000                     2.8652295182017022
498                       -2.5892425733457816      1000.0000000000002       -4.350129259044201
499                       0.22806947325077734      1000                     0.8421724595227738
500                       0.654155367443307        1000                     -1.34424104019973
501                       4.41191778205773         1000                     2.784237624676773
502                       -0.4129565373299587      1000                     -3.964199831845077
503                       1.7059319370675814       1000                     3.255298346182143
504                       0.8969117483621184       1000                     -2.8107546933143115
505                       -1.1041898050220813      1000                     -3.2263867280823084
506                       -0.3742555669514624      1000                     -0.4476631053733378
507                       -1.7360357203328245      1000                     3.235489592574857
508                       -0.13422351210890118     1000                     -1.7039497372502372
509                       3.08149713368868         1000                     3.2507520544914112
510                       2.1007270933115185       1000                     3.5118855705933005
511                       0.5200591669279263       1000                     -0.3410089875086367
512                       -0.5600268367533477      1000                     0.4112069988245822
513                       2.871498067294868        1000                     -2.5153004372986087
514                       -3.7941092184127756      1000                     -0.9966790496715973
515                       4.346699830738098        1000                     -0.03507427201986827
516                       -3.646876269743185       1000.0000000000002       -0.013140238842570125
517                       -0.20282685031457134     1000                     1.3014377515693059
518                       2.827395019355218        1000                     3.452963077698579
519                       -1.7591877204587887      1000                     4.336487257716286
520                       -0.5029969053199808      1000                     1.03595742556521
521                       1.1738516926454694       1000                     1.8340966366854121
522                       -1.0939654059004835      1000                     -0.9163329611176073
523                       -0.663172846421095       1000                     0.6461788701592492
524                       -2.8924022229359148      1000                     -2.001719238474788
525                       0.823152185032737        1000                     -1.105006060615427
526                       1.138691476572679        1000                     -2.54089744447377
527                       -1.7982924139444618      1000                     0.9070031941507647
528                       0.328355428490169        1000                     -1.4931942430877156
529                       0.7979687185919243       1000                     -2.8688264649314505
530                       -1.5719546244866893      1000                     -1.7735366406683721
531                       4.586769133027871        1000                     1.665526149085267
532                       4.358852867202849        1000                     0.8342893781499047
533                       -3.3117820624224956      1000                     -2.715688327616414
534                       3.127209087013614        1000                     -2.9901245935825305
535                       0.6778836622834858       1000                     0.4438568019701879
536                       -1.6586255178909537      1000                     -2.0750828269475314
537                       -4.473930814660304       1000.0000000000002       0.9484651682774023
538                       0.43165587778291914      1000                     1.1462364799190392
539                       0.579317266216104        1000                     -0.5109749787832278
540                       0.5898223836343419       1000                     -0.05299839648770371
541                       -4.019608667396803       1000                     -1.6468166754006943
542                       -3.3966852100997125      1000                     -3.8968578083021264
543                       1.3863505973097614       1000                     0.8057207989326206
544                       -4.282782047222421       1000                     -0.23422053788772876
545                       0.6690587276516274       1000                     2.1415923855921593
546                       2.0576572045505945       1000                     -0.24810684361055146
547                       3.337942346689774        1000                     -1.31623303086071
548                       1.3301245992684563       1000                     -1.0400524908309186
549                       3.529284574848108        999.9999999999999        -3.430356867305039
550                       -0.19764791436115353     1000                     0.6616568394612258
551                       1.9334074356208997       1000                     -5.001523831178254
552                       -0.42147549685406704     1000                     3.4218845625669587
553                       -2.8175553110936042      1000                     3.454908504723838
554                       4.347038775048732        1000                     0.5175145412684635
555                       -3.2133287844679645      1000                     2.371483054754554
556                       -0.7934117793944474      1000                     1.0635358859038306
557                       1.767673924587421        1000                     0.5686027512099358
558                       -0.7375689451062948      1000                     0.3316118034434195
559                       0.5962299372182656       1000                     -1.562786359671488
560                       3.568303052955534        1000                     0.6251165638437561
561                       0.20187468012966575      1000                     0.36162500609533005
562                       -0.8759235706652861      1000                     -0.7762982812130261
563                       0.11189266303041008      1000                     1.351678844600923
564                       0.1015183516938517       1000                     -0.980356389817979
565                       -2.1218273241928594      1000                     1.0448276603207138
566                       0.7195191974747996       1000                     -0.26834017887375117
567                       1.2553900467104369       1000                     -0.48360213058311197
568                       2.372692123729657        1000                     1.293363999135085
569                       1.5289666542205047       1000                     0.0015183654587624766
570                       -0.5467686437144984      1000.0000000000005       0.24798387490726329
571                       0.2788694756484594       1000                     2.965170961533
572                       1.1462266028051062       1000                     -1.2072388488026906
573                       -1.5990684172283116      1000                     -3.250278593014184
574                       -0.831466477982679       1000                     -3.5378612993347054
575                       0.8565561176388459       1000                     -1.2470563026004138
576                       -3.157082261657904       1000                     1.03289289506864
577                       -0.10334216407188246     1000                     -0.30009586634437385
578                       -0.45015764585093376     1000                     -1.179742096420598
579                       4.8804779904970355       1000                     2.0911952215929257
580                       3.601091429710943        1000                     2.4091424573013307
581                       -2.59748357149285        1000                     2.5687547320219837
582                       0.8199296776066448       1000                     2.7981546677001456
583                       0.5749213183349218       1000                     -2.5870856781344447
584                       1.4752708971677257       1000                     -4.081825935144739
585                       -1.5749573851411982      1000                     -1.3007432173388247
586                       0.3084849695722458       1000                     2.946451874759724
587                       3.3037257591009297       1000                     -2.287420853233953
588                       0.29678799069028317      1000                     1.528553648329428
589                       1.0473858072269588       1000                     3.9901705178223192
590                       -3.7642515130492735      1000                     1.6243112942664448
591                       -1.0061411104804598      1000                     -3.739741829531899
592                       0.3877098458341901       1000                     1.3697500332810935
593                       -0.9056659694457119      1000                     -3.5998572655224335
594                       0.15768963972988553      1000                     -1.2736427844876506
595                       -0.9735631390511222      1000                     -0.020637021897364455
596                       1.0334033420379483       1000                     2.661416994521398
597                       0.3993388166739629       1000                     -0.2716518182491808
598                       -2.262932649977973       1000                     3.2526343408709666
599                       0.6233068681270065       1000                     -0.8034855758722951
600                       0.33909578352449965      1000                     -2.881811590035634
601                       -3.1765779815426853      1000                     0.9830115776327123
602                       1.370434920780659        1000                     0.8045570281406997
603                       0.06592060476448285      1000                     -0.17699428444597406
604                       -0.5685443403807099      1000                     -0.6575593676557415
605                       2.538058724955194        1000                     1.9032798335621546
606                       0.41985640045879047      1000                     0.08210326306709044
607                       1.1419721225557469       1000                     0.2856042555984814
608                       -1.5380480941672836      1000                     3.627193561593529
609                       3.1168294631562405       1000                     1.9246643141660338
610                       1.9966024795125392       1000                     3.6562662955412577
611                       0.5451242700648083       1000                     -0.3477481593930466
612                       1.441323767322623        1000                     0.3902448151917856
613                       -0.5842129962397633      1000                     -2.7516173091879437
614                       -1.8498250541788772      1000                     -2.8609842115104853
615                       0.5576407817449615       1000                     -3.4465122387018567
616                       0.7832349935689228       1000                     -4.14118897055581
617                       -3.7832426058768043      1000                     1.4481430713805117
618                       0.08696246862186127      1000                     1.242265522390299
619                       0.5474854659087051       1000                     -4.413319467316004
620                       -3.3535421486290056      1000                     -2.6704849892281657
621                       1.9677928053933804       1000                     0.8059314816223736
622                       -1.1710585480720084      1000.0000000000002       0.28668299270123626
623                       -0.707028720697097       1000.0000000000002       0.20111870496277773
624                       -0.21311005377592304     1000                     -1.6250706325865867
625                       -0.39321112393222113     1000                     0.8047211625985066
626                       0.5150787842238289       1000                     -0.8576251073560833
627                       -0.7923678173087675      1000                     2.3414572489593324
628                       0.3840929062641237       1000                     1.3241259931518496
629                       4.018200831386675        1000                     -2.5448379426190897
630                       0.09927147947988833      1000.0000000000002       -4.550749522521843
631                       -0.46867767516686554     1000                     -0.7257504044883486
632                       -1.9020193131643448      1000                     1.2102390433705748
633                       -0.5557215543937897      1000                     3.2252913956052027
634                       2.0767735272536894       1000                     0.3895682204557643
635                       1.6992781766991802       1000                     -5.153083021431661
636                       3.4695776142300776       1000                     2.4905662325492415
637                       2.144474580361089        1000                     2.627869165308063
638                       -3.4735550339740273      1000                     -3.7323198812003655
639                       0.8251988110652916       1000                     -1.3526954485338598
640                       -0.6577960219315863      1000                     0.5407402563362257
641                       1.6942498033989044       1000                     -0.27529690781964083
642                       0.5621718368238826       1000                     1.4250235773151203
643                       1.5072359508971513       1000                     0.2504572739736449
644                       3.863616199366833        1000                     2.549816629900228
645                       -1.218483845849348       1000                     -3.6084304007290084
646                       1.6273762209594422       1000                     -3.8284349143894043
647                       -2.3791756571541898      1000                     -2.278353366451585
648                       -3.820466132632575       1000                     -0.11060642266607701
649                       0.8042849866998774       999.9999999999999        1.0412428115360948
650                       -1.6361897515505062      1000                     1.7260405847687732
651                       1.545126468356099        1000                     0.24689326364665717
652                       -2.577955086079154       1000                     0.9862951075491228
653                       2.6422226509446056       1000                     2.4365235387119806
654                       0.5453597026366142       1000                     2.9811880083489877
655                       -3.1894367955526954      1000                     -2.889772117081256
656                       3.3630109027871873       1000                     -0.6871898085436354
657                       -1.0381234415590936      1000                     -1.0645963051223433
658                       -4.264468609839477       1000                     -2.6223397216427937
659                       2.4258630518906865       1000                     -1.4098150625982868
660                       1.59915158245817         1000                     -1.047280956684096
661                       -0.9520906706639085      1000                     -0.023377019578478424
662                       2.292879790590013        1000                     1.1859179043354735
663                       3.3945839704402077       1000                     -0.0373625559657766
664                       0.4566918664622807       1000                     0.3075932839230968
665                       4.112546195923465        1000                     1.3104022298506663
666                       0.4045073505645016       1000                     -0.2785486946293867
667                       1.6277918764453758       1000.0000000000002       2.0963043060602256
668                       1.6511205853990738       1000                     -3.7532273248031913
669                       1.1352215410352386       1000                     -4.089218763397603
670                       3.2904650749458955       1000                     1.6430685946417645
671                       -0.916040216842367       1000                     0.5563448978554407
672                       2.121278183026606        1000                     -3.7559035968659273
673                       -0.6598903953547057      1000                     -1.2891316565984867
674                       4.177690933497813        1000                     2.9822607034497586
675                       0.7808022321510525       1000                     -4.213993581010464
676                       -1.705878584604431       1000                     -4.033727020532429
677                       0.6690137635100705       1000                     -0.3596678884016846
678                       3.2051239167687866       1000                     2.0050643400058044
679                       -0.3416419512021928      1000                     0.8620364756869513
680                       -0.15286999423540124     1000                     -0.7499219095635526
681                       3.775817517689971        1000                     2.9965042727298266
682                       -1.5443089083786876      1000                     3.469164484929605
683                       1.1270841616155511       1000                     2.133405711421098
684                       -0.8281704035575214      1000                     0.8288322203494081
685                       0.5485373312368002       999.9999999999999        -0.07541402054886198
686                       1.5802658544767676       1000                     -0.6322821209813769
687                       -2.0607903109327412      1000.0000000000002       1.6364415328235404
688                       1.6624730298788002       1000                     -0.5676516709298978
689                       0.618888622482659        1000                     0.14028783613311427
690                       -0.32517867759559105     1000                     0.0031002089430947266
691                       -1.996447569984169       1000                     -2.141403258109821
692                       0.5753221090842334       1000                     -0.06733264924869381
693                       0.4124364522964418       1000                     -1.6598674695965039
694                       0.39003878666163927      1000                     3.551338890332957
695                       2.4390135229933327       1000                     -1.9870690420532977
696                       -1.2447070173440522      1000                     -2.692980190908581
697                       -1.5428785060757493      1000                     2.0710807537526277
698                       0.36572195988024087      1000                     2.8541066075258965
699                       -2.34435814080272        1000                     -3.7249386597121386
700                       -2.8522677202204885      1000                     -2.6747875021301537
701                       -2.4463924500873695      1000                     -0.43829667568962083
702                       -0.314091759771294       1000                     -0.878097678136518
703                       4.0256424117423535       1000                     3.221296337239312
704                       1.0269095455437924       1000                     -4.00444620504968
705                       -0.7070572721167468      1000.0000000000002       1.0403159009164424
706                       3.4358725729803563       1000                     1.4782725184302559
707                       -2.459387237202227       1000.0000000000002       2.890738257735017
708                       2.246315394650116        1000                     2.4315037467496228
709                       0.5381150751870015       1000                     -3.223427532492283
710                       -2.0442973216323654      1000                     1.6357893190862312
711                       1.501642802633018        1000                     1.715264763141931
712                       1.5777459505279139       1000                     -0.9078487972466951
713                       -3.2627564575667027      1000                     0.7464135139653898
714                       0.33928306302210304      1000                     1.3922107842785798
715                       0.358558058122628        1000                     -1.8491132545678892
716                       -1.0048482639256795      1000                     -2.08385773095206
717                       1.5171345758321768       1000                     -3.6888039500838326
718                       2.130629616552383        1000                     -0.2069942195647103
719                       -1.7683275225707262      1000                     -1.3584720452837038
720                       0.3611440089983497       1000                     -0.09016557728806915
721                       4.072015708862537        1000                     -0.9590018167173523
722                       0.10859052559435248      1000                     -0.9573809447893563
723                       1.6582471087476522       1000                     2.0350979907970013
724                       -0.01759707357289127     1000                     1.3246342279915426
725                       -0.4915174574874889      1000                     1.6823188756844203
726                       -3.1435128647712567      1000                     1.564159287174832
727                       -3.9007109998745695      1000                     -1.92036296618949
728                       -1.4725620269159148      1000                     -3.953312606084447
729                       3.893523131793028        1000                     3.3481422591073438
730                       4.351063326664351        1000                     1.8074333062488916
731                       -4.200751402589733       1000                     -0.9094834688798772
732                       -3.603658727597683       1000                     -1.3162462471150311
733                       1.6102072101248575       1000                     -0.18085024685856976
734                       -1.7403431210346445      1000                     1.8984750564866646
735                       -0.772143763394413       1000                     0.8910920948907917
736                       -2.180318333371462       999.9999999999999        2.1034444682159013
737                       1.796672352209963        1000                     0.06315591567755424
738                       -2.5265657522713822      1000                     3.94710471070374
739                       -0.4215861655237852      1000                     -1.5499916710458037
740                       -3.858186651274845       1000.0000000000002       1.389727987014907
741                       -0.4025034801817176      1000                     -4.669746764049182
742                       2.354599680384035        1000                     3.887774776584226
743                       3.387062288537514        1000                     1.3407311841490035
744                       -1.2226343167176201      1000                     0.9517520622930972
745                       -2.712227885371828       1000                     -3.0658555569394195
746                       1.234696125612657        1000                     0.07312616929570422
747                       2.1756064114293836       1000                     -2.495159774360842
748                       -2.719734931082057       1000                     -0.5666076668444465
749                       2.296947318474453        1000                     3.2540069969962837
750                       1.0371212617982808       1000                     -1.1642651156533932
751                       -0.007502910826752017    1000                     2.950947903985557
752                       -0.4514277919242198      1000                     1.0534202394828418
753                       -1.7684123314079294      1000                     3.2862246334977177
754                       0.2582924073158649       1000                     -1.6829856722045056
755                       1.9475431414364415       1000                     -4.739936311213572
756                       0.7227745531748405       1000.0000000000002       1.327245742017147
757                       -2.9085792459225903      1000                     -0.7633379025698728
758                       0.15017883215793476      1000                     -4.045790997381213
759                       1.0487527317029965       1000                     0.8446716623008393
760                       -3.4105242359028747      1000                     -3.484639220364711
761                       -0.07652582396094519     1000                     -0.29104300947028683
762                       2.8366244706734913       1000                     2.3352519727119763
763                       -1.0572630433031038      1000                     -1.015221159026853
764                       -0.3903945246754361      1000                     3.3756907713920876
765                       -0.35333790242044355     1000                     1.076105217895714
766                       -0.4715881907360462      1000                     -0.3301868063110586
767                       3.744736529410798        1000                     -0.2246192820465459
768                       4.2627514983630785       1000                     -0.7085799547150164
769                       0.7053469792528944       1000                     -0.37872012133017857
770                       -0.4180577273015228      1000                     -1.6099058778753736
771                       -0.21155786080643285     1000.0000000000002       -4.062553937522192
772                       -0.05593503936622324     1000                     -1.5819092948827223
773                       -0.7803681477991258      1000                     -2.722013055444467
774                       2.1417282948299667       1000                     -2.394882382008086
775                       -0.9084144772372883      1000                     -2.1770310717968937
776                       3.103501479895433        1000                     -3.702484082265581
777                       3.122641681637752        1000                     1.7044940201270884
778                       0.009538802495867246     1000                     -0.06304791651948688
779                       1.1800509538979662       999.9999999999999        1.2534972935254993
780                       -2.9152966116797425      1000                     1.6841486484583117
781                       2.5297407512620707       1000                     1.130598528219343
782                       3.2527842688437922       1000                     -3.056702439448951
783                       0.17190847173571597      1000                     -1.1827670472278875
784                       1.6408829732994872       1000                     0.04222790340440005
785                       5.159497608220331        1000                     -1.9799405362206373
786                       -0.9659722855280883      1000                     -1.300101849865325
787                       0.868021063738819        1000                     0.11422549697608957
788                       0.8963219412647123       1000                     3.9260797482452054
789                       0.2657806976066732       1000                     4.430589989911843
790                       0.8363521220789849       1000                     1.7358615219269113
791                       -2.3867889732424863      1000                     -3.9948176582076136
792                       0.3365008110794085       1000                     1.860996607938164
793                       0.32203490451061795      1000                     -1.653778888616717
794                       -1.343280402198186       1000                     2.161209000357354
795                       4.962053717616321        1000                     -1.5271216908333052
796                       -2.5295409407164513      1000                     1.4217310254991478
797                       -1.2402187454053724      1000                     0.5821828768403001
798                       -4.0431761558381485      1000                     -1.6012833694432262
799                       -0.3845200128195571      1000                     -2.130243269635025
800                       -3.4087568078296906      1000                     0.8185421072775486
801                       -1.1966454485246638      1000                     0.8225352095865925
802                       1.5823002193820745       1000                     2.5694753515819055
803                       1.5794538499641504       1000                     -2.422561634117936
804                       -0.9886431531458272      1000                     2.9480463293254258
805                       3.490259362256562        1000                     0.6836362639839947
806                       1.0671438784158804       1000                     -1.504230001492776
807                       -4.014384700257078       1000                     -1.2978309479297188
808                       3.0639886420695657       1000                     -2.285787077093967
809                       2.538250754805375        1000                     3.446844917002693
810                       1.9453048564745024       1000                     -0.06841440640050982
811                       0.6913507275995052       999.9999999999999        -0.28116312161458523
812                       1.812001210120911        1000                     -0.48829682784393713
813                       -3.013692475406315       1000                     1.8197617339081897
814                       0.3972449056150289       1000                     1.260912849830692
815                       -0.5057056488990278      1000                     -0.8102081856540717
816                       -0.5521154706830622      1000                     0.03972878064783126
817                       -2.383460510700003       1000                     -1.5555693093968128
818                       -2.441787372726212       1000                     -0.7696517306873147
819                       0.4559460902378161       1000                     -0.21084466377436065
820                       -1.7088404799827932      1000                     -1.0658896462430332
821                       3.836794414057417        1000                     -4.02299823549001
822                       2.8029670521941528       1000                     -0.7385273360771911
823                       -2.60617126926182        1000                     -4.463732847374398
824                       -0.07092198054023353     1000.0000000000002       -1.5612757007251143
825                       4.29608834837198         1000                     2.4519989932542656
826                       -1.798406776643238       1000                     -1.7878332578784593
827                       2.2449992631239155       1000                     2.53647358187647
828                       -0.4901528325639234      1000                     -0.036258805800474636
829                       -1.0403027254077204      1000.0000000000002       -1.1006074736753826
830                       3.595964683421773        1000                     -1.650572874523522
831                       3.687314005482603        1000                     -2.80300110749217
832                       -0.8267321280364865      1000                     0.6024362419044336
833                       0.677526729340759        1000                     -4.104248840942937
834                       -1.902471371267508       1000                     3.2832244077215393
835                       1.138942461745889        1000.0000000000002       -3.1492006423604564
836                       -1.0886246869210796      1000                     0.7340111724852866
837                       -1.1664288013684583      1000.0000000000002       0.27377174474364807
838                       -4.732107448408033       1000                     -0.9039775474322169
839                       -0.05996776667751476     1000                     -0.6074531845126957
840                       -3.488621694334652       1000                     -0.11127863344499529
841                       -0.9582352697733808      1000                     0.8038234900710755
842                       -3.7401344789206776      1000                     -3.1204169529061305
843                       -0.633758513561953       1000                     -1.4340980786672395
844                       -2.836241683953179       1000                     -0.8156723174734727
845                       4.009686217713569        1000                     0.29895886976007485
846                       1.5180022466189445       1000                     -1.0254800438884246
847                       0.5832792567140382       1000                     3.66927321380044
848                       -0.9949119054385785      1000                     -1.2997545573667981
849                       0.998022374501199        1000                     0.9262920792588769
850                       -2.276760226331484       1000                     3.255756246026117
851                       -1.5685701443429123      1000                     -0.8875460254750428
852                       1.8796927754643116       1000                     -1.7128475880316325
853                       0.5457464636866576       1000                     1.5518979057864946
854                       3.1781458527230044       1000                     -2.8330519233473215
855                       -0.26426881508334493     1000                     -0.27239747685462573
856                       -4.622058356058907       1000                     0.08308017784734902
857                       1.4608628620338324       1000                     -1.6333506993774805
858                       -4.099261102391733       1000                     1.8262081143844033
859                       -3.250949930473335       1000                     2.2530532658074884
860                       -0.08718334872740373     1000                     3.8866602044244347
861                       4.421008475167427        1000                     -1.9934383521071184
862                       3.2904742404125495       1000.0000000000002       0.554811494269986
863                       0.09458716190366911      1000.0000000000002       1.2901922224110982
864                       3.65141457259802         1000                     -0.25247833342552295
865                       -0.03959162817206879     999.9999999999999        -0.23964752320067373
866                       3.5405141429837146       1000                     -3.1978698973947504
867                       -0.6225618779241249      1000                     -0.31889497675647954
868                       1.303376356553527        1000                     0.9648348462901573
869                       2.8652125952935044       1000                     -0.5084972956991748
870                       -1.5756794497000717      1000                     -4.017382883768081
871                       -0.573356010239865       1000                     -0.25989554865531034
872                       3.2434165159009867       1000                     -3.0874725669830387
873                       0.4961673254402048       1000                     -1.6684285523379845
874                       -0.3719562366233448      1000                     -1.7827857977889863
875                       -2.1856397971753383      1000                     -2.7767668698845367
876                       -1.3560654745161795      1000                     1.3861768934793535
877                       3.2561839199580205       1000                     -3.826588894324278
878                       -3.483887480622662       1000                     -1.0761148301312509
879                       0.2624840033730866       1000                     0.2125906629850634
880                       3.323383606160923        1000                     2.5520228582138618
881                       0.16506481775232257      1000                     -4.038035322770039
882                       0.3196188069133759       1000                     -0.5163336172448499
883                       -1.2047961082819763      1000                     -0.04420081531899097
884                       -0.7955678562035075      1000                     -0.22266768615266735
885                       -0.6443502099928737      1000                     0.8338513530091389
886                       2.6698471355525157       1000                     -1.823503789592204
887                       1.6425807513406878       1000.0000000000002       -4.5302984277477805
888                       2.8559083641446605       1000                     -4.460640293529645
889                       1.106262274435361        1000                     -0.6305573457346173
890                       -4.369660486325698       1000                     1.5230998180940838
891                       0.8172087452478471       1000.0000000000002       2.9007560819710383
892                       1.2201640024007232       1000                     1.2308559991426717
893                       -1.287764802946642       1000                     -3.777236679302564
894                       1.449653378187421        1000                     -3.537171615328466
895                       3.2990507622395597       1000                     1.7046419921730562
896                       0.02978234302558508      1000                     2.4336932144148777
897                       -2.5337187938299404      1000                     -3.07513649151978
898                       0.6406322416539298       1000                     0.4731050591908743
899                       3.160545565243169        1000                     0.16870595994451862
900                       2.2505443237135263       1000.0000000000002       -3.654420726365663
901                       4.1506453992078125       1000                     0.1296689812363158
902                       -1.6626768526889684      1000                     -4.28029652647312
903                       -0.6396658513279478      1000                     -2.627944243604804
904                       0.1989318213071479       1000                     1.1480140486174124
905                       -0.2598645075807368      1000                     1.0908716678089112
906                       -0.36762723323238505     1000                     -0.5458042572211059
907                       -1.4144827634487043      1000                     -0.22644775753250732
908                       1.9737989287903455       1000                     -1.6892652370691683
909                       0.5413190880610469       1000                     1.4640520621780722
910                       -1.381877170377259       1000                     -0.5162537586103678
911                       1.6815712295840157       1000.0000000000002       1.0729549906764297
912                       4.804562719592981        1000                     -0.6049583640442531
913                       1.171424649285977        1000                     1.742306888968623
914                       0.2435536385182849       1000                     -1.3478568437865894
915                       1.1522913790206497       1000.0000000000002       0.7647043464788033
916                       -0.1795471245750068      1000                     1.1665516052703295
917                       4.73024183848203         1000                     2.092662413103202
918                       -2.1195443265189016      1000                     1.6161930247448655
919                       2.9972980490435748       1000                     0.4499976257780675
920                       3.7300265472398073       1000                     -3.8583194849959233
921                       1.9428880853346016       1000.0000000000002       -4.0868458247819515
922                       1.1268542154948387       1000                     -1.2922916358543892
923                       -1.1350692440133143      1000                     -2.655743707981166
924                       2.1536778368466116       1000                     0.11951677167988775
925                       0.4303431657560644       1000                     -5.472935356747322
926                       1.906525167645148        1000                     -0.9967891568349592
927                       -2.1414799530411814      1000                     -1.1367696233392177
928                       3.26170265141782         1000                     2.1118179258283836
929                       -1.428140117272082       1000                     0.9885059528862419
930                       -2.341669971692609       1000                     -3.2565148785513256
931                       0.4974971709340529       1000                     0.9880154938642289
932                       -0.08584431159587994     1000                     -0.7136149613993822
933                       -0.8229004925802177      1000                     -0.23892316257617097
934                       -3.6190684764480334      1000                     -0.9681564160568457
935                       1.6468848414766561       1000                     -5.015500169418569
936                       -4.444520354842671       1000                     -0.9688312775097364
937                       -0.6572689442427961      1000                     -0.07542844195509774
938                       3.206549557940989        1000                     -4.3944627827532585
939                       -1.1141753591935704      1000                     0.28649446549403734
940                       0.026801426769802024     1000.0000000000002       1.3896557502972655
941                       0.9327806794858287       1000                     0.6252228514984048
942                       0.7799346511101285       1000                     0.9750627492189563
943                       -1.821423533755994       1000.0000000000002       -2.3915868120908206
944                       -2.7246183906788692      1000                     -2.49525481602551
945                       3.3803048295441567       1000                     2.9842134829810645
946                       -0.2044024294819049      1000                     1.1642347159254018
947                       -1.249198611303345       1000                     -0.07180688843231996
948                       -2.460106540539262       1000                     -0.18384521726970388
949                       0.9580662286345077       1000                     -2.8339204662443307
950                       -1.6692551741064645      1000.0000000000002       -1.5369783146390832
951                       -3.1289779640129276      1000                     1.9603766695405342
952                       2.1188945390632217       1000                     0.34981038392014224
953                       -3.5927494525436856      1000.0000000000002       -0.42488145934576294
954                       -0.15894356879943317     999.9999999999999        0.8026409916602328
955                       -0.6724324820681004      1000.0000000000002       -0.885958511166203
956                       0.28013027132999324      1000                     3.947186711894229
957                       -2.463418848247549       1000                     -2.5456223168760963
958                       -0.7701392700941889      1000                     0.40253913882572695
959                       -2.8503012599799664      1000                     -3.66043340715576
960                       -0.687816902288508       1000                     -1.3645870438447412
961                       -1.6380709261601172      1000                     -1.167280820010309
962                       5.049988497511021        1000                     0.555904290934048
963                       4.989985204433169        1000                     0.11933119501981725
964                       -1.1039778374407017      1000                     2.3767425375624054
965                       2.9927035852256014       1000                     1.0156443119337575
966                       -0.9573658172995146      1000                     -1.373633938181392
967                       1.2712844841408368       1000                     0.024330506527938497
968                       3.7966808230897726       1000                     -2.0041349370514125
969                       -3.721415792177113       1000                     -2.346247106386043
970                       -2.36206114549198        1000                     1.049802877360174
971                       -0.5163946715368467      1000                     0.7843330445407892
972                       2.3981185814875703       1000                     -3.597859889360848
973                       1.1842425806228363       1000                     -0.8696303136515625
974                       3.8896738984176205       1000                     -1.5324474330472526
975                       -2.7766750670267126      1000                     -0.766054205341885
976                       4.432462211560852        1000                     -1.5840862425168436
977                       4.3048718756478594       1000                     0.9912467540173261
978                       2.9032823368354093       1000                     -0.33892758973466197
979                       1.4436766192941362       1000                     0.43999853886151025
980                       -0.19869406898060618     1000                     -0.5672535345523936
981                       -2.4868051470268897      1000                     -1.3835193966509167
982                       0.7601098325567359       1000                     -4.516209592519565
983                       -2.1179943897905056      1000                     -1.8102118643351583
984                       0.5624230861944546       1000                     -0.38800796776707636
985                       2.1310378723305305       1000                     -4.931018731108902
986                       -2.2588342825018985      1000.0000000000002       -1.5455031410503401
987                       -1.1218480268839515      1000                     -1.0699024386741887
988                       0.6475961499318148       1000                     3.0227394623689787
989                       4.251330716377751        1000                     1.2360335857784415
990                       -3.224298304735708       1000                     -0.2807734508879315
991                       -0.38275589275040905     1000                     0.510779575025808
992                       3.5317212340530215       1000                     2.392760333142359
993                       -1.2659173244597863      1000                     1.019231989661976
994                       -2.275192548054192       1000                     -0.9415562311157185
995                       -0.03134616258023001     1000                     0.9407215366984005
996                       0.9013919721433326       1000                     -1.5710576516072514
997                       3.792882470737542        1000                     -0.159234769614919
998                       -0.9412249762421258      1000                     0.23557295326252922
999                       -2.786836286735224       1000                     -0.9112555550059949
1000                      0.46462223879614567      1000                     -0.8999440871468685
