1                         74.85072838691354
2                         74.85667220630955
3                         74.93808106417815
4                         74.8730863371028
5                         74.96938130430024
6                         74.85884510671592
7                         74.980293298458
8                         74.82875677731123
9                         74.83086112543089
10                        74.84548958332137
11                        74.98539065636528
12                        74.82775207369173
13                        74.93189721892513
14                        74.82732974774233
15                        74.96222981858244
16                        74.82741418375304
17                        74.96785841101376
18                        74.83025697297668
19                        74.82750745437123
20                        74.9332961118888
21                        74.85355588690152
22                        74.91461860108947
23                        74.93659882383234
24                        74.90417116796937
25                        74.83313207852684
26                        74.82704838031704
27                        74.8716447802883
28                        74.92368435971667
29                        74.96978493506833
30                        74.82968357024748
31                        74.95885059985515
32                        74.92887426291247
33                        74.82755202898103
34                        74.8964099068248
35                        74.86332322721448
36                        74.86749924310229
37                        74.8271237224612
38                        74.92007474340528
39                        74.82772700207627
40                        74.91838775846212
41                        74.92784059626175
42                        74.8670652480735
43                        74.96131792357308
44                        74.94905245131623
45                        74.86431265210234
46                        74.84464113502281
47                        74.99307929442155
48                        74.8402419912846
49                        74.83810629016492
50                        74.94879516071911
51                        74.82995630597031
52                        74.93003645620063
53                        74.83264392096591
54                        74.84278664977411
55                        74.8280504737116
56                        74.85239643676908
57                        74.8526459569917
58                        74.84420625104126
59                        74.83129095320277
60                        74.88977674734777
61                        74.83595028589806
62                        74.82803847500794
63                        74.89175874458772
64                        74.95175930990187
65                        74.8806322414699
66                        74.8351575667991
67                        74.85500103175491
68                        74.86645161363676
69                        74.9603734641877
70                        74.86077618322385
71                        74.8429148015387
72                        74.90460584236939
73                        74.91310313453428
74                        74.8270623832198
75                        74.82708763263976
76                        74.86686893956313
77                        74.87829197225048
78                        74.8374364619921
79                        74.98147052551361
80                        74.92592959068757
81                        74.85200200990886
82                        74.89804131929445
83                        74.82715424874347
84                        74.94383632295262
85                        74.98633237024741
86                        74.83668530912327
87                        74.828932466558
88                        74.82709112909004
89                        74.89865663720491
90                        74.85058707033491
91                        74.99969254051186
92                        74.82919458038327
93                        74.84268816371362
94                        74.82957286402835
95                        74.87525998123243
96                        74.84422710570824
97                        74.87082400216583
98                        74.97552202853434
99                        74.8281168169202
100                       74.86843069609318
101                       74.96370240127588
102                       74.91401104939311
103                       74.9441741268925
104                       74.86033843308749
105                       74.95920708144172
106                       74.82735031920944
107                       74.93231062136667
108                       74.93025771460718
109                       74.83292567419913
110                       74.86133241881073
111                       74.8829664580746
112                       74.97600892174603
113                       74.93299940409544
114                       74.87304474298985
115                       74.96396384120041
116                       74.92122997945559
117                       74.9286557980548
118                       74.9622321554797
119                       74.82766871886759
120                       74.88660390495541
121                       74.82848522303384
122                       74.91293302038797
123                       74.97663113862683
124                       74.87005714013928
125                       74.98568863262905
126                       74.86597927048709
127                       74.879111502192
128                       74.83038400933796
129                       74.87505302712715
130                       74.83160434441555
131                       74.9946873867195
132                       74.84212726022764
133                       74.8828718704715
134                       74.82718148108513
135                       74.93094298548245
136                       74.92450793894128
137                       74.93537177058589
138                       74.92357941013256
139                       74.9669661522088
140                       74.92241901233055
141                       74.87398469805937
142                       74.90681327402017
143                       74.9369426980227
144                       74.94273551188421
145                       74.82809451801778
146                       74.94635435590972
147                       74.92482022135513
148                       74.82799416013859
149                       74.94460020359342
150                       74.99642146653335
151                       74.9232166231613
152                       74.97297489440044
153                       74.85523596487312
154                       74.86092311054729
155                       74.86733748206777
156                       74.91348928685095
157                       74.91754703573802
158                       74.98985537041308
159                       74.84123135246502
160                       74.8403406403812
161                       74.86328046155566
162                       74.83035277332502
163                       74.82706174938933
164                       74.93683643486142
165                       74.82924517217212
166                       74.82723581653511
167                       74.8673243969924
168                       74.83605282361795
169                       74.82932898366916
170                       74.89406296626458
171                       74.870923283543
172                       74.82968447944134
173                       74.85595163610823
174                       74.85556721265513
175                       74.97680262790816
176                       74.82717641066553
177                       74.88598996703121
178                       74.8394112303881
179                       74.86422886046005
180                       74.82883458265782
181                       74.945458329788
182                       74.82977727681929
183                       74.94753578406294
184                       74.82713952907683
185                       74.96997263944328
186                       74.89818751336414
187                       74.82763794557442
188                       74.87847139394773
189                       74.84189467294894
190                       74.82747186205472
191                       74.85040227276268
192                       74.8271060692804
193                       74.88972696557943
194                       74.88008331509084
195                       74.92184318858047
196                       74.91956674488857
197                       74.82867426563523
198                       74.99949154601825
199                       74.89906736187673
200                       74.83598662784817
201                       74.9141434034244
202                       74.82775187671857
203                       74.93372046177511
204                       74.98946195589977
205                       74.83496245100123
206                       74.84788506547991
207                       74.90666424965467
208                       74.87130721414579
209                       74.92767251512835
210                       74.90632151687686
211                       74.85647467456876
212                       74.8576733651894
213                       74.82965943886315
214                       74.9999804771319
215                       74.90893508522223
216                       74.92281810326942
217                       74.89877420144019
218                       74.93962946141028
219                       74.87948177867361
220                       74.84338057644754
221                       74.84275884091538
222                       74.90323353311278
223                       74.83281639657645
224                       74.84616861828296
225                       74.95669469085925
226                       74.94467214755643
227                       74.8330528113836
228                       74.87188539374469
229                       74.95699336532526
230                       74.83262614809031
231                       74.82875029331451
232                       74.82907907389608
233                       74.900292031998
234                       74.85594346892157
235                       74.83716614427642
236                       74.97912574422902
237                       74.8412595818669
238                       74.89831876063377
239                       74.86231035123808
240                       74.96264898893644
241                       74.94844353121934
242                       74.85428959518171
243                       74.83010669068172
244                       74.82738153088154
245                       74.85154137119648
246                       74.8613950952624
247                       74.87272551799596
248                       74.8657169010314
249                       74.86738101107542
250                       74.83602919874859
251                       74.84783288067598
252                       74.8385555144588
253                       74.94236751237781
254                       74.8613150094498
255                       74.92016008197515
256                       74.82769045788207
257                       74.83000571247568
258                       74.8325816985572
259                       74.82721111570402
260                       74.99565039023784
261                       74.85580516262577
262                       74.8440817317762
263                       74.82710588233611
264                       74.85918695888199
265                       74.84449764929876
266                       74.92119700868938
267                       74.94483265822576
268                       74.82895163306718
269                       74.87869400881009
270                       74.96022287462357
271                       74.84398343546493
272                       74.83806085519207
273                       74.86460743379135
274                       74.8971416926616
275                       74.83016921712587
276                       74.89910411807477
277                       74.83355825205672
278                       74.84207238964377
279                       74.99442126669511
280                       74.95459377615032
281                       74.84062179577184
282                       74.8299262096777
283                       74.82850373357952
284                       74.91666405724219
285                       74.93318545825862
286                       74.88532844114222
287                       74.82980494647371
288                       74.86495690861305
289                       74.8283571754041
290                       74.87210278008126
291                       74.89382420653652
292                       74.87446414623035
293                       74.82911459909315
294                       74.83585930228297
295                       74.83076803052288
296                       74.85203895732397
297                       74.83167581559245
298                       74.85981660702905
299                       74.82915832673594
300                       74.87454932854946
301                       74.82806562015695
302                       74.87252094171144
303                       74.83028560085319
304                       74.98042395227534
305                       74.83489454871524
306                       74.86115268086226
307                       74.95436879981183
308                       74.86591458274557
309                       74.83006996788609
310                       74.89127548586731
311                       74.90303557893306
312                       74.92781020206365
313                       74.85577657654899
314                       74.8916654731654
315                       74.85347042694796
316                       74.97638674956283
317                       74.82956732233613
318                       74.84938919998866
319                       74.95894378739995
320                       74.83435523666849
321                       74.82821423216153
322                       74.88786036703294
323                       74.84033820421877
324                       74.8881256993343
325                       74.82905183772625
326                       74.95809679020846
327                       74.82764801723502
328                       74.82784210743162
329                       74.84163945137897
330                       74.86565446666123
331                       74.92958284573508
332                       74.96962387647473
333                       74.89767294706365
334                       74.83220958390817
335                       74.84881815556516
336                       74.86270017501
337                       74.83161102489787
338                       74.87224661856371
339                       74.87785365896306
340                       74.83898316695219
341                       74.84781944709376
342                       74.82741531824612
343                       74.84989911390247
344                       74.86869879370539
345                       74.83522324513548
346                       74.94780887868694
347                       74.90098599968968
348                       74.91368119936739
349                       74.86466387993987
350                       74.93391606813675
351                       74.8354583290832
352                       74.85750602802607
353                       74.88678751855763
354                       74.82726249468443
355                       74.91336721398734
356                       74.86331098368161
357                       74.95971704120849
358                       74.87002568709069
359                       74.97862120497636
360                       74.83926556492867
361                       74.95194748303297
362                       74.88269284692309
363                       74.9665106158522
364                       74.86936105792478
365                       74.99935800004305
366                       74.97493723506922
367                       74.83933103016928
368                       74.88918617867704
369                       74.91865436590793
370                       74.86658701483644
371                       74.95131113984732
372                       74.87592139503917
373                       74.8337677188016
374                       74.87882519879082
375                       74.83302289965822
376                       74.97885651969611
377                       74.8270445780464
378                       74.83587328996644
379                       74.86095144789869
380                       74.83166781705035
381                       74.87580485503875
382                       74.93058520128506
383                       74.98644088480924
384                       74.90754427004111
385                       74.82841062808492
386                       74.97813642050006
387                       74.89403094191998
388                       74.87724255744783
389                       74.85682562027745
390                       74.87686317334716
391                       74.940579728011
392                       74.88973002005699
393                       74.82796244128046
394                       74.9598835907106
395                       74.93924145848752
396                       74.96880691328396
397                       74.85600232039646
398                       74.85526474902797
399                       74.88517843298227
400                       74.93541533445814
401                       74.95205556160127
402                       74.86208879869875
403                       74.9207671068327
404                       74.82877653634748
405                       74.84254892745082
406                       74.83889465724297
407                       74.8438545510174
408                       74.85528682110163
409                       74.88513423062138
410                       74.82721930553387
411                       74.97753192702135
412                       74.8433489931435
413                       74.91716485342815
414                       74.8503865324879
415                       74.87526245533223
416                       74.84972748646963
417                       74.8428857605789
418                       74.94680825580983
419                       74.90424808690521
420                       74.8384104426242
421                       74.82719109843772
422                       74.91015078969637
423                       74.8579718044626
424                       74.86385357977788
425                       74.82851497420282
426                       74.9470031021637
427                       74.9609639604791
428                       74.83349063604332
429                       74.8716766061686
430                       74.83288224979573
431                       74.97115737885515
432                       74.83720452033278
433                       74.87318708309753
434                       74.91795316353367
435                       74.97611637393436
436                       74.8607205993279
437                       74.82721000264243
438                       74.82837264434711
439                       74.97472302918902
440                       74.82711696985592
441                       74.83187167630416
442                       74.9920878953141
443                       74.9192314016376
444                       74.98278782340736
445                       74.94117113127679
446                       74.84848493553717
447                       74.83391126113
448                       74.90079313331859
449                       74.87574158106304
450                       74.84082462091756
451                       74.93485003769031
452                       74.9055980573689
453                       74.85011463750604
454                       74.8338017689266
455                       74.94440578168829
456                       74.82790001792668
457                       74.8431274536706
458                       74.85102431432315
459                       74.84289408959971
460                       74.82721507626461
461                       74.82798483384808
462                       74.85508847120718
463                       74.84441257856655
464                       74.8574912001108
465                       74.83684978216074
466                       74.856959407657
467                       74.8354155940141
468                       74.82712799978172
469                       74.83331596343191
470                       74.96511641580405
471                       74.83720253690079
472                       74.8274016300493
473                       74.85558334832224
474                       74.97147350433596
475                       74.94329617355217
476                       74.84073800195566
477                       74.91437730209543
478                       74.89887545364469
479                       74.83235894234815
480                       74.82877801244611
481                       74.87157763437236
482                       74.87724784091426
483                       74.86644221456072
484                       74.94477297821783
485                       74.91468475343122
486                       74.83340311018011
487                       74.96136969320062
488                       74.82876625293235
489                       74.90730350342021
490                       74.87693272601598
491                       74.93389334075147
492                       74.84027531696455
493                       74.89330793681795
494                       74.83818575185612
495                       74.85375926459092
496                       74.88365814208244
497                       74.98123889684187
498                       74.90107320487857
499                       74.84709181939625
500                       74.85098841910455
501                       74.84677964344279
502                       74.83286451979397
503                       74.94640036434325
504                       74.96267947879613
505                       74.83714448784882
506                       74.83031549520531
507                       74.82901023867929
508                       74.94566765275543
509                       74.8685890166008
510                       74.97528015813297
511                       74.84366820730466
512                       74.85735741874183
513                       74.94863642887582
514                       74.8271452002437
515                       74.86690550838833
516                       74.94985683923211
517                       74.83466768609254
518                       74.88582321062643
519                       74.84323471227904
520                       74.9300060188119
521                       74.84207396770084
522                       74.89499277961463
523                       74.87511556444507
524                       74.96448212699791
525                       74.88795172393642
526                       74.83212425269843
527                       74.97947582754178
528                       74.91007286549821
529                       74.9888326508499
530                       74.86163754806682
531                       74.90090715769591
532                       74.88394078704557
533                       74.84399276377243
534                       74.83423779495934
535                       74.8277567780652
536                       74.97258424520982
537                       74.82741508631983
538                       74.87086192592182
539                       74.95644908312039
540                       74.96748831585356
541                       74.82711827376285
542                       74.82742636188807
543                       74.8453299285333
544                       74.82772687256217
545                       74.91731126560053
546                       74.96471188732677
547                       74.94928283721619
548                       74.92600603702125
549                       74.84891617523812
550                       74.83554848700227
551                       74.9212453499611
552                       74.9328176628675
553                       74.82872168625941
554                       74.82833544677219
555                       74.82715341914071
556                       74.82861629176752
557                       74.85343737703339
558                       74.8389967595103
559                       74.9931847175702
560                       74.83832333165876
561                       74.91514910802454
562                       74.83130279388322
563                       74.9735333483752
564                       74.95795725663046
565                       74.86029207912273
566                       74.83083481422703
567                       74.85622393521058
568                       74.88362641462386
569                       74.82821761073829
570                       74.84769905624718
571                       74.98105002981409
572                       74.97930756335623
573                       74.93200123855729
574                       74.84482170174033
575                       74.99063314643607
576                       74.8934272534363
577                       74.88639734690653
578                       74.86015669940981
579                       74.83849620808566
580                       74.92408293769618
581                       74.94127975150046
582                       74.83974888872383
583                       74.82730462683911
584                       74.82737609459872
585                       74.97754221267915
586                       74.99731085586558
587                       74.82932392521606
588                       74.8499227470037
589                       74.89775871814128
590                       74.85898589656152
591                       74.86091204324107
592                       74.94074613781191
593                       74.82707601880614
594                       74.943514425
595                       74.95353622533699
596                       74.84205375085307
597                       74.8277797339049
598                       74.83301917953767
599                       74.90723447994306
600                       74.84628878767818
601                       74.8273382440491
602                       74.84213250092708
603                       74.83078628052046
604                       74.8302530479944
605                       74.91454437445863
606                       74.96653677094173
607                       74.83212146647179
608                       74.84836113184065
609                       74.86732564421152
610                       74.91018486076099
611                       74.88820729201369
612                       74.97237882795491
613                       74.82951036287565
614                       74.85164490378375
615                       74.84545802562525
616                       74.82948394076834
617                       74.82732839125568
618                       74.8612692213072
619                       74.8282085390852
620                       74.82750615552038
621                       74.93760934214714
622                       74.85029755563103
623                       74.93788110006417
624                       74.85511162164433
625                       74.89977523534691
626                       74.93376265204857
627                       74.98636847149406
628                       74.85549033171031
629                       74.83748987626554
630                       74.93783718848051
631                       74.83790437495786
632                       74.8604762023618
633                       74.83220077898137
634                       74.97620861141074
635                       74.98544233519277
636                       74.86479419376609
637                       74.95285826971087
638                       74.99414869266631
639                       74.92771866444048
640                       74.84729152276306
641                       74.8659974494589
642                       74.97482408461619
643                       74.83936422679253
644                       74.92710346978647
645                       74.95808558464333
646                       74.91982189533695
647                       74.89226930893729
648                       74.92952076379021
649                       74.97232519934354
650                       74.87756419031075
651                       74.82928047642756
652                       74.83164994579475
653                       74.91151395426814
654                       74.86458334678018
655                       74.84610061012802
656                       74.91985847369051
657                       74.91576820049272
658                       74.83008775031563
659                       74.95060785498694
660                       74.92409652721643
661                       74.94658257323371
662                       74.97017697543258
663                       74.91106588496147
664                       74.87706392936077
665                       74.8333199194633
666                       74.82763232172663
667                       74.87278397654515
668                       74.82774002777113
669                       74.85842090625795
670                       74.94905949201889
671                       74.84184928492094
672                       74.82731005198644
673                       74.88826173180027
674                       74.85621537679899
675                       74.83023766383229
676                       74.84833368623092
677                       74.99045991155853
678                       74.9869833495275
679                       74.90278577069682
680                       74.9231579558139
681                       74.98190961959813
682                       74.85517911366773
683                       74.98652888620202
684                       74.86817528915215
685                       74.93966590813672
686                       74.84090137042377
687                       74.85769991833813
688                       74.86837335782874
689                       74.8832238379349
690                       74.83136298827864
691                       74.95553947538379
692                       74.83681505879312
693                       74.8391256130064
694                       74.92336317733076
695                       74.83593933860638
696                       74.82770911799334
697                       74.89669453813626
698                       74.84717273827901
699                       74.85106218482396
700                       74.968738384151
701                       74.91091097861893
702                       74.94058425539355
703                       74.86286030109598
704                       74.82734565558499
705                       74.83959206132046
706                       74.97183962838155
707                       74.9024678139618
708                       74.93221662239814
709                       74.91019831771712
710                       74.86976237221425
711                       74.90167676027609
712                       74.83987760532376
713                       74.90542785547471
714                       74.86431320214815
715                       74.82918918976449
716                       74.84693519096123
717                       74.83164877735324
718                       74.9535420852587
719                       74.83250242567073
720                       74.98537328390348
721                       74.86798589418788
722                       74.97118095791355
723                       74.968804875758
724                       74.95727034858321
725                       74.92761986797014
726                       74.87872599349905
727                       74.82712650424898
728                       74.87016618801027
729                       74.84885548030731
730                       74.87497697384059
731                       74.98170919568965
732                       74.8273699197628
733                       74.87897560615237
734                       74.8520919648974
735                       74.85073562669868
736                       74.85210394505029
737                       74.85358022470487
738                       74.82820321103583
739                       74.86623142980643
740                       74.98002909388258
741                       74.90290547698369
742                       74.92733975712366
743                       74.84226786924056
744                       74.96855813517587
745                       74.84899639515751
746                       74.91801058255065
747                       74.8958404235877
748                       74.82716321137644
749                       74.9124241854229
750                       74.87931730910569
751                       74.95820755717243
752                       74.82863580667487
753                       74.920637596171
754                       74.8753587971481
755                       74.94202380741555
756                       74.86437598512194
757                       74.86916056103166
758                       74.96989929226697
759                       74.87324788964727
760                       74.82769932592477
761                       74.89465881558644
762                       74.85771101157083
763                       74.8373338282154
764                       74.84621958467459
765                       74.96996467583692
766                       74.94244722469085
767                       74.9617857590203
768                       74.87438499064945
769                       74.9098961753847
770                       74.8527255471281
771                       74.83305118039857
772                       74.83325710135829
773                       74.83909429858556
774                       74.96142031735846
775                       74.96220128003651
776                       74.84183836477209
777                       74.98545458678085
778                       74.82891870534561
779                       74.9021856889548
780                       74.94005646430712
781                       74.83677780718762
782                       74.8272486694517
783                       74.94154290455589
784                       74.99223696252133
785                       74.94134715061047
786                       74.84394273729156
787                       74.96138251319589
788                       74.88847457810589
789                       74.92027387519192
790                       74.87374375351138
791                       74.84040492795259
792                       74.95610324347143
793                       74.94461767405862
794                       74.9122994899976
795                       74.8550751714551
796                       74.83363213797445
797                       74.82801010041744
798                       74.9174849417884
799                       74.83868461046197
800                       74.94868156711003
801                       74.85230213394064
802                       74.87968635613683
803                       74.89904115228501
804                       74.82911398686831
805                       74.96232690004244
806                       74.93091348999616
807                       74.99106677476331
808                       74.83557816127603
809                       74.83090689486845
810                       74.91008401299042
811                       74.95487037191808
812                       74.91043322398903
813                       74.88651776818676
814                       74.82908877031555
815                       74.99099403136888
816                       74.83700073542786
817                       74.84145347932736
818                       74.85810633339874
819                       74.83318169623223
820                       74.86248850726639
821                       74.86392516266625
822                       74.85907317307307
823                       74.8722745533055
824                       74.84005014624822
825                       74.84786236126136
826                       74.84148348215454
827                       74.8326203299458
828                       74.83985797445692
829                       74.85385818170818
830                       74.93176465453531
831                       74.97410675433588
832                       74.85285626035866
833                       74.8273066531226
834                       74.83928804586587
835                       74.83619978214494
836                       74.82957624273581
837                       74.83301608220806
838                       74.9506917693205
839                       74.92600289356741
840                       74.93721830197657
841                       74.88243905246432
842                       74.83149558547021
843                       74.88823635878721
844                       74.92487653813977
845                       74.98777763417955
846                       74.85061925850981
847                       74.88245838093574
848                       74.84448179202998
849                       74.90686191022854
850                       74.99101276175777
851                       74.99544255566973
852                       74.96681833351843
853                       74.92044391722146
854                       74.9103468550452
855                       74.83505131481068
856                       74.92885819483692
857                       74.87325735847455
858                       74.87790985110287
859                       74.90081355716191
860                       74.87873730569375
861                       74.98507817297647
862                       74.90651348852963
863                       74.87547826275848
864                       74.82786728643687
865                       74.90467790009747
866                       74.82709706674468
867                       74.831722699411
868                       74.90520143035188
869                       74.94626791489021
870                       74.82707687534095
871                       74.88892225997901
872                       74.8272891955646
873                       74.90566981905836
874                       74.88094563389284
875                       74.95410558746511
876                       74.82847478122966
877                       74.89074372404767
878                       74.82721653401993
879                       74.91172485562134
880                       74.88080850202329
881                       74.83453970874524
882                       74.82743552658016
883                       74.9413782476138
884                       74.82881762465334
885                       74.84438905119177
886                       74.91430157548618
887                       74.82712295169115
888                       74.84136481069102
889                       74.90698619310919
890                       74.82994553084161
891                       74.98868958586331
892                       74.91498414478266
893                       74.82904323173672
894                       74.82984045602521
895                       74.8278980779016
896                       74.97555079092034
897                       74.96478419921878
898                       74.86417929111927
899                       74.88826839904628
900                       74.99076851975003
901                       74.83888205245543
902                       74.82883396865938
903                       74.83891159697728
904                       74.85971279272441
905                       74.94194445945152
906                       74.85540066138196
907                       74.95166224586849
908                       74.87633525524129
909                       74.94636260488072
910                       74.86808734334569
911                       74.97045088068573
912                       74.88757124839665
913                       74.86682516768053
914                       74.85271231203134
915                       74.84339002963895
916                       74.84044433428284
917                       74.91652435896141
918                       74.9390691712885
919                       74.83082623047075
920                       74.99602985438099
921                       74.86308150107868
922                       74.82798471832503
923                       74.86621605668367
924                       74.84597852939253
925                       74.9924355378642
926                       74.96589811302886
927                       74.91664750342224
928                       74.8505881946622
929                       74.88678051582232
930                       74.85606295266675
931                       74.84711175667064
932                       74.91546475832806
933                       74.8381213913653
934                       74.82771754233333
935                       74.98157179873824
936                       74.83697513607437
937                       74.83156216467805
938                       74.82715256083813
939                       74.84720956012724
940                       74.95663358493398
941                       74.85042258991743
942                       74.91699264692441
943                       74.88418533445491
944                       74.96556630363156
945                       74.8881655728791
946                       74.82802220319896
947                       74.9596341360689
948                       74.94287430085983
949                       74.95091804295598
950                       74.94893629566624
951                       74.88936094884993
952                       74.91964766690232
953                       74.97806455673984
954                       74.92562400337914
955                       74.86367862617685
956                       74.87215855639694
957                       74.85739097350678
958                       74.83346808776935
959                       74.86584028734407
960                       74.88809321790819
961                       74.84895940373924
962                       74.82760619648357
963                       74.94492732827668
964                       74.88246057029411
965                       74.84812503865683
966                       74.8556506138389
967                       74.87663291061585
968                       74.83458461516047
969                       74.8276788849796
970                       74.86015215510945
971                       74.83895074622814
972                       74.94076288840769
973                       74.94650377047466
974                       74.90590458185798
975                       74.89595208067878
976                       74.9229241130453
977                       74.86133086615501
978                       74.9871402708462
979                       74.98684716785364
980                       74.83272495132289
981                       74.83775876004782
982                       74.91291307765844
983                       74.96124025921513
984                       74.84006246217268
985                       74.8303371021521
986                       74.83351562331643
987                       74.83807406437603
988                       74.84811165172881
989                       74.89265011328824
990                       74.8272311893434
991                       74.85378701477376
992                       74.99989093867683
993                       74.90282914799705
994                       74.8686143013838
995                       74.84356477239741
996                       74.93963060541725
997                       74.82772632868993
998                       74.83908528783844
999                       74.93021881639922
1000                      74.86267542043849
