1                         13.264001076394674
2                         13.49953615494968
3                         11.799698836627728
4                         13.281888164841895
5                         11.744791746850865
6                         12.063905000938496
7                         12.065358332923667
8                         12.00895076236975
9                         12.066793050494983
10                        12.102526687545957
11                        11.726044833426101
12                        11.61738518854814
13                        11.781011259041847
14                        12.505472217886897
15                        12.237821214790973
16                        11.958932699456511
17                        11.720924742563692
18                        12.253757980188317
19                        12.595224814059875
20                        12.480281819260483
21                        13.82377750505059
22                        11.715081172605798
23                        11.944010391659907
24                        12.397065264138325
25                        13.786131269765345
26                        11.971112222525045
27                        12.722467291379491
28                        12.752275607557777
29                        12.034282928119575
30                        12.54777862565359
31                        13.277309121143396
32                        11.965600685337197
33                        13.905601547498929
34                        12.06391550669568
35                        12.280557533773486
36                        12.095193498376917
37                        12.122472259193845
38                        11.725577313361034
39                        11.924390294756545
40                        12.729302505006451
41                        11.991952974390307
42                        13.736407173945695
43                        12.560686544891729
44                        12.717846916631492
45                        11.908869346973418
46                        12.067090502218587
47                        11.997187083190893
48                        12.55093501524945
49                        12.305318725847231
50                        12.130234969279003
51                        11.637421151295976
52                        13.829477454787485
53                        13.806049924105698
54                        12.080234437173635
55                        13.898638663280096
56                        12.687391320144703
57                        11.643771443709863
58                        12.247354774927166
59                        11.973272559976198
60                        12.627755868567684
61                        11.899594285725355
62                        12.099268071786865
63                        12.010229552918144
64                        12.06318881773554
65                        11.717049360914869
66                        11.736060646080142
67                        11.909512063879676
68                        13.244719610087984
69                        12.03574477826366
70                        12.644748840774048
71                        13.939011132023097
72                        12.06698029594553
73                        13.36818160386226
74                        11.9592184639393
75                        11.932853758682425
76                        13.001831631409196
77                        12.70504820509069
78                        11.807570870275518
79                        12.26790303122843
80                        13.33596286181509
81                        12.11258981509
82                        11.94961420833575
83                        11.962217122656254
84                        12.142744108135338
85                        11.999087963541644
86                        13.207441500277579
87                        11.92665695032667
88                        11.94022472429526
89                        11.737673014819682
90                        11.712074401332506
91                        12.630236883649022
92                        12.00298596319506
93                        11.726950777948346
94                        11.612462148813433
95                        12.010015126006639
96                        11.977047149431097
97                        11.971184613152142
98                        11.792972614988244
99                        12.035700535110188
100                       11.838122940665293
101                       13.27269190696231
102                       11.69610015540703
103                       11.971891087580811
104                       13.832474798825196
105                       11.956247069564416
106                       11.74034053917573
107                       12.25695202876892
108                       11.727886783150527
109                       11.956531291676495
110                       12.662097986422932
111                       12.024798306920594
112                       12.100513709618644
113                       12.035414962770565
114                       12.21682584530447
115                       12.033913605932394
116                       12.056628909806536
117                       12.0435470342558
118                       13.322143796272712
119                       11.750851924561147
120                       13.785918468584734
121                       12.06459733324417
122                       13.779133337728465
123                       11.93421933127274
124                       13.861262804327762
125                       12.231208769719926
126                       13.28618681864037
127                       12.246897151016006
128                       12.5171359269824
129                       11.921197634689095
130                       13.824136016515924
131                       12.067074771505736
132                       13.273129578490252
133                       11.6225723429405
134                       12.7424090809775
135                       12.864517333769232
136                       12.715638833754616
137                       13.219568454300193
138                       13.298621009823611
139                       13.350854250401493
140                       13.263743577082709
141                       12.043905229752292
142                       13.83573649241912
143                       12.909413233317947
144                       12.963180259731429
145                       12.077258857025358
146                       13.834349681333304
147                       13.922512427347844
148                       12.030727725123606
149                       12.058771346602288
150                       12.08976533418521
151                       12.032904465201584
152                       12.275571672731136
153                       11.650732266108097
154                       13.256714185032589
155                       11.764229709573542
156                       12.011297715743213
157                       12.348988506069004
158                       13.295504486339228
159                       13.258608841641868
160                       11.960051244081392
161                       13.236319510103147
162                       12.563267748685787
163                       12.937598221518776
164                       11.751184648600153
165                       11.919591953668887
166                       11.948141577215356
167                       12.079530096945678
168                       11.775572707544367
169                       13.79152567713661
170                       11.984215563906968
171                       12.163003238785578
172                       11.731439301545914
173                       12.080500757422397
174                       13.367928119955367
175                       12.067654911993708
176                       11.667280832922543
177                       12.063675305517238
178                       12.659122617749048
179                       11.802637597997544
180                       12.094376259533496
181                       11.737085827949558
182                       11.635491957562804
183                       12.713124872462153
184                       12.739197601788169
185                       11.9700266121751
186                       11.725338026462683
187                       12.047595705277145
188                       13.943404266444565
189                       13.266343680353401
190                       11.971568759921164
191                       12.277651313231182
192                       12.005542525816557
193                       12.658417375751903
194                       12.079199150237107
195                       13.155678680247567
196                       11.9270902574622
197                       13.79360193049615
198                       12.269668849952433
199                       13.3212288521619
200                       13.827305240817424
201                       11.751350767179376
202                       11.675471222715679
203                       13.529057378533487
204                       12.565215616508848
205                       12.088959800667256
206                       12.063735266233174
207                       12.092459126330867
208                       13.242580633289842
209                       12.055734228732321
210                       13.816276707185247
211                       12.732612389911756
212                       11.735872537825257
213                       11.95946796254867
214                       11.602218744773863
215                       12.46713418059291
216                       11.958142145343558
217                       12.745422100850368
218                       12.317456123458868
219                       11.71885685160779
220                       11.731985523266388
221                       11.741199102852
222                       12.9578570529449
223                       13.246223169824816
224                       11.986847024336532
225                       12.048711300203646
226                       11.687685192022453
227                       12.500414767835519
228                       12.062567302895918
229                       12.059355190040213
230                       12.008293661683368
231                       11.73755124749882
232                       12.544044550007737
233                       13.817543718234349
234                       11.741240079060839
235                       12.474210513852082
236                       11.748522754406732
237                       12.025169836884837
238                       12.01028209861794
239                       12.264563958164194
240                       12.670118727289648
241                       12.548058192380047
242                       13.787882611150987
243                       12.029682465968909
244                       11.758478044082246
245                       13.247898872219947
246                       13.242469611181148
247                       13.333217139257819
248                       12.111572104167223
249                       12.115177072397806
250                       12.10369891867044
251                       13.28962661784173
252                       12.139340888741202
253                       11.995071347957088
254                       11.927304279141973
255                       12.256931758709198
256                       12.014395971823172
257                       11.902104049360972
258                       13.81981602550409
259                       12.098551219657326
260                       12.064072439379864
261                       13.825274536314847
262                       13.282034781049578
263                       12.036766492514806
264                       12.023730590403044
265                       13.332382383432133
266                       12.739451557611849
267                       11.976375513345019
268                       11.971715525536075
269                       13.836967092515719
270                       11.972537332352163
271                       12.542535558171132
272                       11.969302491219883
273                       12.500005826392584
274                       11.791973933141115
275                       13.860073426560678
276                       13.811959531248812
277                       13.250483523031539
278                       12.037458038325132
279                       12.086438462929122
280                       11.653746589508383
281                       12.042123395345948
282                       12.14879241575715
283                       13.393486370436365
284                       11.730223505272463
285                       11.711801550618365
286                       13.7937550213977
287                       12.074573454322351
288                       12.04426489680413
289                       11.973880272550069
290                       11.768994700122104
291                       11.7404195199381
292                       12.126643890499887
293                       13.247846272408871
294                       11.661011606944642
295                       12.05587725988938
296                       11.978152419822106
297                       11.800260285014561
298                       13.235283870243673
299                       12.48819596664074
300                       13.528293122205724
301                       13.324265451011149
302                       13.250129338459963
303                       12.05980581860073
304                       12.929408358121151
305                       13.800689294300666
306                       11.989394338782168
307                       11.59166251387761
308                       13.376955174684548
309                       11.666382439714011
310                       12.087462870523767
311                       12.084013596462587
312                       12.027352757550362
313                       12.235085497525157
314                       12.655286032053985
315                       11.756291272774131
316                       12.72425869922121
317                       12.697137010985712
318                       11.743917163947618
319                       12.547230814466477
320                       12.02434094776083
321                       12.610936463347516
322                       11.726063103995756
323                       13.832253726628316
324                       11.60780312922468
325                       12.536166749016525
326                       11.70707025769584
327                       12.162376590351855
328                       13.804790558568646
329                       11.912612624761794
330                       12.03376225548726
331                       13.328498121527634
332                       12.220326614202843
333                       12.537829280180679
334                       13.850009175577169
335                       13.848556260504523
336                       12.147251171950938
337                       13.511989913622871
338                       12.252748479317047
339                       12.040817634446634
340                       13.267003258553652
341                       12.060314987996744
342                       11.982585774958826
343                       11.852832282723389
344                       12.137983156293084
345                       12.062853874419304
346                       11.902047737713978
347                       13.259822304426056
348                       12.037119344602257
349                       11.913372045041022
350                       12.954660159293452
351                       11.79349219295939
352                       11.758675031204968
353                       12.077090450823695
354                       11.952189305411057
355                       11.937310303686576
356                       12.03896538029357
357                       12.115380348276144
358                       12.065912226940974
359                       11.777730632872359
360                       11.597212124399393
361                       11.741756500125799
362                       12.219313996010337
363                       12.03985627829404
364                       12.701218008372846
365                       11.970339993034147
366                       12.023488602551225
367                       13.369662264565969
368                       11.756269805639647
369                       12.058527671186255
370                       13.104296397578109
371                       13.284693292882904
372                       11.973851969357023
373                       13.50927854545124
374                       13.912950695083774
375                       13.277256673240615
376                       11.964771743080997
377                       11.651475929336018
378                       12.259217431837893
379                       11.950060434128407
380                       11.733894151105638
381                       12.143384553940605
382                       12.595611921241433
383                       12.547278772513268
384                       11.730825256089275
385                       12.029714425791607
386                       11.966800789626648
387                       12.605032792710515
388                       12.24308402303404
389                       13.923308670497663
390                       11.96577926981325
391                       12.01849356960879
392                       12.25514929841308
393                       11.802143836770739
394                       12.050667499303454
395                       13.239010322636492
396                       12.638546224818368
397                       13.157002028594755
398                       11.967829769775749
399                       12.500097045501244
400                       11.715395935332308
401                       11.745530742513242
402                       12.087198434907435
403                       12.057873976751422
404                       12.063754529231401
405                       12.104163672419004
406                       12.029147134180917
407                       13.666222470928897
408                       13.294547038992928
409                       11.804627138366083
410                       11.631441571551784
411                       13.2403311509077
412                       11.986232241831985
413                       12.705913439069333
414                       11.99866987446214
415                       13.240649554730915
416                       11.836697119837334
417                       12.212208754490536
418                       11.748161024889257
419                       13.530106169325835
420                       12.521647571275858
421                       11.800081482208803
422                       11.728926176318158
423                       11.759208217069125
424                       11.944775400218496
425                       11.696112559097468
426                       13.379863315889128
427                       12.722373444402589
428                       11.996499173348305
429                       12.094876993564833
430                       12.651085191416128
431                       11.746709708501008
432                       11.737976242400567
433                       13.768470478161273
434                       11.756779029098722
435                       12.072720245983822
436                       12.271106769533434
437                       12.020753303179216
438                       11.614179384477506
439                       12.619661038026724
440                       11.943834199625071
441                       12.715178363441613
442                       11.95756498366374
443                       11.75448957108617
444                       12.727732152625732
445                       11.949096289327741
446                       13.220003163923456
447                       11.979532725946104
448                       11.937349457757017
449                       12.85393132135703
450                       13.241761219554194
451                       12.000927657413664
452                       11.773280641499131
453                       12.651601563105967
454                       11.797429808436991
455                       11.61710067117696
456                       11.948680720510508
457                       12.020610463864125
458                       13.253239338437735
459                       12.637781794386283
460                       11.969313843095307
461                       13.773223735435003
462                       12.757265477351517
463                       11.741282503568142
464                       12.682506463937658
465                       12.082896752409695
466                       12.081458824452673
467                       12.072889838913587
468                       11.742356019403712
469                       12.235729606250656
470                       12.036035399815871
471                       11.817196532775501
472                       11.670473113596495
473                       13.221922096193964
474                       12.734150379586229
475                       12.223126968122932
476                       13.797919294856625
477                       11.92407387422536
478                       13.285535640622566
479                       13.831669437769602
480                       11.807406867658129
481                       12.07341523406488
482                       11.946247937204575
483                       13.707101947761688
484                       12.06007243249595
485                       13.50591485951901
486                       13.819007248759933
487                       12.564547706650892
488                       12.617099198693195
489                       13.793657406313631
490                       11.946776985566787
491                       11.986410607020211
492                       12.032243974874527
493                       11.984813691232334
494                       11.779776154905594
495                       13.281647047943034
496                       12.065272313745968
497                       11.947923895559617
498                       12.08323810446429
499                       12.743754348599062
500                       12.072747625144887
501                       12.10041433059457
502                       11.816691452564738
503                       11.696144526488414
504                       12.655102158238956
505                       11.656397979833
506                       13.811729949687479
507                       11.72119084880044
508                       12.106687580463987
509                       12.03277042530734
510                       11.803160392654974
511                       12.735100691455214
512                       12.649027433869016
513                       11.620496727007895
514                       11.947564774727905
515                       11.78487124922386
516                       11.710085739656268
517                       11.732551614958158
518                       12.124271519889483
519                       12.077274431515294
520                       13.223363324403579
521                       12.054508357423368
522                       13.270890493791383
523                       13.261518985449314
524                       11.712400826799193
525                       13.826653310311121
526                       11.766395089226068
527                       11.609304164271002
528                       13.303769067230537
529                       12.238900180696612
530                       11.96949405098697
531                       12.09198462551799
532                       11.985201071647207
533                       11.933629567891872
534                       12.52478063313444
535                       13.885063081630214
536                       12.087841643600893
537                       12.116492563267776
538                       13.251762599249442
539                       12.722866135081714
540                       12.768180697032259
541                       11.951425394396699
542                       12.082898498937793
543                       13.345001547816201
544                       12.126052664555258
545                       11.985802127004542
546                       11.651071111136698
547                       12.042527395991284
548                       13.31682937281361
549                       12.10881948878108
550                       12.04032614701455
551                       12.092944006868034
552                       11.953575061942503
553                       12.046215587569963
554                       12.382359748222868
555                       11.94706274954197
556                       13.493893168382938
557                       12.858952221272093
558                       13.245681144694448
559                       12.116895377379757
560                       11.778663798785674
561                       12.727175690457402
562                       12.195128922700247
563                       12.859545585909126
564                       12.721422546619442
565                       11.914338337019378
566                       12.713362236387372
567                       12.053613250855795
568                       11.659112868252448
569                       13.268934902304313
570                       13.841411923310366
571                       12.481559021419569
572                       13.291397368109928
573                       12.526396385106528
574                       11.77243564267466
575                       12.052308570743298
576                       11.749201038658173
577                       13.772651672725162
578                       13.837168123110748
579                       12.077632928197147
580                       12.058344004987317
581                       11.728934800453958
582                       11.95017455115442
583                       11.661993488918881
584                       11.812322441949858
585                       11.729115855648873
586                       12.452651545070927
587                       12.082284921032121
588                       11.946624696588103
589                       11.980637328905042
590                       12.036201719443794
591                       11.758545983721659
592                       13.067164612147167
593                       11.784983033603329
594                       13.271784128230571
595                       12.78523407041337
596                       11.919929965122611
597                       12.732312199494226
598                       11.949432107366503
599                       13.80083386543024
600                       12.039505725055948
601                       11.96911945474004
602                       13.360301824053966
603                       13.806544245798568
604                       13.248507988436899
605                       11.753216616727139
606                       12.746200831335093
607                       13.849211878665555
608                       11.949209344676103
609                       11.736492256998151
610                       11.787804507087884
611                       12.722428025401111
612                       13.305664658884668
613                       12.044391103664461
614                       11.734938163197679
615                       12.059518901123246
616                       12.46898972637457
617                       11.960498257800658
618                       13.186200134820435
619                       12.446048728897333
620                       11.95339373466059
621                       12.058248016476497
622                       13.29297654862202
623                       12.725220327865568
624                       12.066186782912657
625                       12.741461398163322
626                       14.043281472117732
627                       12.128193624384702
628                       13.53553384623144
629                       11.9692094597884
630                       11.996841381750732
631                       12.08112991087329
632                       11.638563468187245
633                       11.7261631505309
634                       12.617239827769694
635                       12.033472854513656
636                       12.113805173380666
637                       12.533623304221528
638                       12.027864763556128
639                       13.311092856881023
640                       13.244491498887827
641                       11.995775161568663
642                       12.888761834474273
643                       13.258234620186926
644                       11.999658550768803
645                       12.524941168326023
646                       11.757700895579719
647                       12.525231567793053
648                       11.995670338668544
649                       11.759287109516597
650                       12.063884912914698
651                       13.318475308036158
652                       12.46222020699367
653                       11.944576883278486
654                       11.771141040679966
655                       11.95324289352187
656                       11.73731764364808
657                       13.361187024354681
658                       12.048185642301988
659                       12.085070893929345
660                       12.056067895361924
661                       13.260849382314476
662                       11.73842365903543
663                       11.60700076199645
664                       12.723728720143344
665                       11.992754742474487
666                       13.939034350317666
667                       12.272286361613817
668                       11.73286796822363
669                       12.237714881102791
670                       11.931110017602238
671                       13.28048337009623
672                       12.471282247322673
673                       13.342234197517996
674                       12.074126351350666
675                       12.523827259150883
676                       11.963852119686623
677                       12.761765194062185
678                       12.25260380929409
679                       13.768674140878726
680                       13.771781460294783
681                       12.070529708283932
682                       11.927756687781722
683                       12.629096228233443
684                       13.3004322205012
685                       12.756948177408962
686                       12.11608554325911
687                       11.662496665809071
688                       13.340836147544541
689                       12.724770282461098
690                       13.829087730103373
691                       11.812423092381007
692                       13.809718096259141
693                       12.057358974545222
694                       11.959668575228633
695                       11.751213692724157
696                       12.254431082152527
697                       12.540929086040363
698                       12.554173908935331
699                       11.950805028754454
700                       11.727891863937336
701                       11.747816226147824
702                       12.053837969011173
703                       12.050310721710279
704                       12.585184267409751
705                       12.934822947985058
706                       12.086348393154834
707                       11.747341436313762
708                       11.631619777323115
709                       11.782534234097547
710                       12.223850338728202
711                       12.235876627774713
712                       13.618212009456771
713                       11.754824347305224
714                       13.367140974804974
715                       11.97993023659066
716                       12.675572248196428
717                       12.274822403632768
718                       11.673511745504921
719                       12.23827019588664
720                       12.74554687872911
721                       11.74430873059437
722                       12.639728287757134
723                       11.761565994708814
724                       13.352537175083802
725                       11.960843960132983
726                       11.720937714024386
727                       11.951663786016171
728                       11.970357508506865
729                       12.052827427526946
730                       12.11899835177445
731                       11.962193704238631
732                       11.855922364442042
733                       13.291879528170055
734                       11.624195240932409
735                       13.297604795702759
736                       12.09079870962219
737                       13.056102207955002
738                       12.03436126990847
739                       12.942275490803054
740                       11.951779379169501
741                       12.118170482044663
742                       12.061513165820832
743                       11.626709571410883
744                       11.991374273360547
745                       11.94066438231577
746                       12.709348333752141
747                       11.916329827720718
748                       12.542647323587373
749                       11.750553640324826
750                       13.855078064403681
751                       11.785181818599037
752                       13.262758133613513
753                       11.731114508628252
754                       12.63139533798099
755                       12.090153691499665
756                       13.054230169283848
757                       11.922516459847055
758                       11.72563998075049
759                       13.271684993845772
760                       12.062371750578261
761                       13.80039912896245
762                       12.239990370493492
763                       13.346964852967261
764                       11.999090687966712
765                       13.27331114395408
766                       12.064956709962471
767                       11.617617065167014
768                       12.074880471712795
769                       13.814439737142196
770                       13.35959336317114
771                       12.540329295425286
772                       13.30305265972065
773                       11.640641029908588
774                       12.242393771052402
775                       11.622111637078932
776                       11.959180114806435
777                       12.266597485532506
778                       13.79711828745304
779                       12.25651512888891
780                       11.72368360062226
781                       12.264522732327315
782                       11.950475303382708
783                       13.251433554526503
784                       13.309443396420159
785                       12.052000346989997
786                       13.508651293206455
787                       12.655606412688092
788                       11.807941848025553
789                       12.037596532493845
790                       11.76213072789815
791                       12.09753246756309
792                       12.644371476896891
793                       11.985651286906734
794                       11.613014773155967
795                       12.110193992975658
796                       11.922411296320858
797                       11.727281329208148
798                       11.978328268077599
799                       12.055892436614053
800                       12.09681780791705
801                       12.239098647457672
802                       11.776842541452764
803                       12.269929656826063
804                       11.627119040225022
805                       12.061549785166028
806                       13.376012846122045
807                       12.080327850685043
808                       11.741072848675842
809                       11.94641871676201
810                       12.958557351426402
811                       12.721290857160323
812                       12.745144943172788
813                       11.772696953017013
814                       11.98647067326999
815                       12.006404971955348
816                       11.977766346496825
817                       11.741263489566716
818                       11.642680196535052
819                       13.787368143224365
820                       11.749656970418064
821                       12.081131245352513
822                       12.650031009138612
823                       12.08580988611552
824                       13.841799165366595
825                       12.022377027160807
826                       11.991812385764934
827                       12.232086785365963
828                       13.823087373323654
829                       12.013246515738079
830                       11.728654509928317
831                       12.448909092738795
832                       13.32301673183261
833                       12.474331758631186
834                       11.941345575608327
835                       11.737065194732581
836                       13.345582115657466
837                       13.319612922023557
838                       12.047418554133792
839                       13.922531728236589
840                       11.9728189533312
841                       12.92165301184441
842                       12.099749704379569
843                       13.339115971976767
844                       12.354678780070182
845                       12.523919837859006
846                       12.741820823547917
847                       11.980480524331126
848                       12.22844508634458
849                       13.266732764154323
850                       11.945821184008652
851                       12.655664523071026
852                       11.989028801625723
853                       11.97412532458463
854                       11.803656750062382
855                       13.816057883851252
856                       12.041776218610378
857                       11.763921677708971
858                       12.042197461056766
859                       11.978870541189774
860                       11.933338804118463
861                       11.961318980968473
862                       12.05544683578388
863                       13.315007769008792
864                       11.960924565859967
865                       13.779948295843475
866                       11.951157214904597
867                       13.218325473127221
868                       13.541424968604055
869                       11.752946742230678
870                       12.005130860104426
871                       11.993780285719296
872                       12.007605069402723
873                       13.363756701774998
874                       12.64789710232324
875                       12.398044044937192
876                       11.955466669956492
877                       12.066357734840759
878                       11.912601328254382
879                       12.04453752339588
880                       11.949730720309612
881                       12.259411950789127
882                       12.751738217879694
883                       12.262373382129772
884                       13.838736612094834
885                       13.674027991724166
886                       11.60048078110113
887                       11.96563502241581
888                       12.135666640373634
889                       12.72689226181232
890                       12.051407693370816
891                       12.520447880898745
892                       12.934789262120816
893                       12.300709153246677
894                       12.094026409529462
895                       12.553472567546875
896                       12.562067388715468
897                       11.996731152727778
898                       11.988929164080808
899                       12.050948186712084
900                       11.917859138795897
901                       12.246788386794393
902                       11.952988084084552
903                       11.658891693545645
904                       13.30294824053083
905                       13.301613335339521
906                       13.817184845530855
907                       13.365480697323083
908                       12.219248385467273
909                       12.937173119215641
910                       13.53209718474665
911                       12.04898884310387
912                       11.973219281803596
913                       11.964373565755977
914                       13.83117552669733
915                       13.273460553395108
916                       13.506961051022484
917                       12.040462305036545
918                       12.506578650034186
919                       12.275699475384602
920                       12.025675779387623
921                       12.095741813641599
922                       12.084717957251797
923                       11.974211374045861
924                       11.973230348597369
925                       12.073557313225079
926                       11.991093937028419
927                       11.75293732146189
928                       12.284913068018954
929                       12.63287680954884
930                       11.748691398559053
931                       13.237633704916552
932                       13.93822100791017
933                       13.845048413310911
934                       11.950727731549975
935                       12.003777895875176
936                       12.062474915975091
937                       11.980976982852832
938                       12.029591234709962
939                       12.007554463481068
940                       13.37784730699863
941                       12.047812326697407
942                       11.742976109544474
943                       12.560311595729345
944                       11.821247834402199
945                       12.04545571556654
946                       13.295497506301695
947                       13.258179720171942
948                       12.247382052228994
949                       12.668419377536791
950                       12.649673943449944
951                       11.817628141287367
952                       11.762165947407649
953                       11.92779207973724
954                       11.977383276310539
955                       13.851893815320077
956                       11.974476773090524
957                       12.007816884076707
958                       13.25435643442471
959                       12.051515207484737
960                       13.096784710073514
961                       11.728551628079604
962                       12.12808651569138
963                       12.051267137616392
964                       12.543277233065576
965                       11.748824691794802
966                       13.630557478302382
967                       12.056349568679948
968                       11.749433605353303
969                       11.961710673717848
970                       11.630959936834321
971                       13.769621876643763
972                       11.805551026290193
973                       12.045898303239001
974                       12.263673081504944
975                       12.250794440332225
976                       11.978631466058864
977                       11.82664510618995
978                       11.777088817383937
979                       13.284991145940104
980                       13.766600036855923
981                       12.538858432875413
982                       12.340364749211599
983                       11.62087168403681
984                       13.783961686495283
985                       12.145626361644403
986                       12.24116137238874
987                       13.359879354074653
988                       11.618689122297347
989                       12.095722258613083
990                       11.739784978556967
991                       13.868050973341417
992                       11.788911996104826
993                       11.660973295269862
994                       11.881215157704403
995                       12.012757742254584
996                       13.367880257191436
997                       11.752209132226916
998                       13.311030913763961
999                       12.111172536228127
1000                      13.781635486495636
