1                         11.739882624206672
2                         11.771766415834309
3                         10.909062180202158
4                         11.813852360647168
5                         10.95572686287878
6                         11.235894363131436
7                         10.92008666459679
8                         10.909497303552785
9                         11.23999559682982
10                        11.242075185217779
11                        10.901020989105177
12                        10.963853136390526
13                        10.95545322944433
14                        11.885581969456222
15                        11.751312959606135
16                        11.368772357549755
17                        10.984641511531793
18                        11.730465267555166
19                        11.903641827793944
20                        11.922021760084712
21                        11.755411289994997
22                        10.960033356179887
23                        11.346779486766804
24                        11.925160224360035
25                        11.727311122620128
26                        11.333613756295073
27                        11.86619670617756
28                        11.843640010698946
29                        10.890275175886082
30                        11.909389531337686
31                        11.770267071133093
32                        11.325614721297045
33                        11.708021131881186
34                        11.21533040425807
35                        11.662603115391322
36                        11.394732319897697
37                        11.220195306699885
38                        10.92705814097692
39                        11.43239636446248
40                        11.846461441328069
41                        11.474130388347993
42                        11.7735056911372
43                        11.912249348159802
44                        11.850539254533583
45                        11.422467762784297
46                        10.928788934609727
47                        11.38909082759506
48                        11.93732804702177
49                        11.888531505198333
50                        11.21720890587183
51                        10.94718808748416
52                        11.687833999855627
53                        11.738311279194376
54                        11.227094772089858
55                        11.71466065277053
56                        11.868561891109783
57                        10.926646733735799
58                        11.776326558125215
59                        11.088319396174935
60                        11.876104669894515
61                        10.86423343567466
62                        11.20828500231102
63                        11.37994148506864
64                        11.225744931208402
65                        10.954591503013447
66                        10.957134468623401
67                        11.344914212054027
68                        11.798845133626228
69                        10.883038724042787
70                        11.930934561215773
71                        11.648193578395892
72                        11.229163482632046
73                        11.768456325064182
74                        11.335499020124118
75                        11.327179327685052
76                        11.837458797119535
77                        11.818701007635205
78                        10.907055638903667
79                        11.760683460845147
80                        11.782711971530032
81                        11.27742591401187
82                        11.485482328275113
83                        11.329040058478938
84                        11.253386350223797
85                        10.887256115171134
86                        11.779157785060484
87                        11.481136705567662
88                        11.38521219227224
89                        10.929113786292813
90                        10.934116422090666
91                        11.938230763301227
92                        10.895623399322753
93                        10.917009733638345
94                        10.974528044777514
95                        10.905658294291417
96                        11.388689429640372
97                        11.397502139400176
98                        10.957863149413873
99                        10.912426934357327
100                       10.898958328622433
101                       11.877765984597845
102                       10.954824330163001
103                       11.462593302458883
104                       11.730085041208513
105                       11.41429406235724
106                       10.935413043383829
107                       11.785197427117893
108                       10.940992435255058
109                       11.499487718866522
110                       11.855800153624369
111                       11.363253849254919
112                       11.274093246466908
113                       10.90190345477315
114                       11.768129304015165
115                       10.891920540278672
116                       10.916434349026048
117                       10.883122563506003
118                       11.795761481408741
119                       10.920953618772815
120                       11.728047110613652
121                       11.23657257262056
122                       11.74677662626894
123                       11.365112858737625
124                       11.68116084325187
125                       11.529920292584826
126                       11.772121220652082
127                       11.724744912188704
128                       11.942918016121888
129                       11.380003182147643
130                       11.709018101765565
131                       11.22271295400322
132                       11.755192172897734
133                       10.972042116720624
134                       11.901817945861394
135                       11.883362466008812
136                       11.858402627568275
137                       11.768486048669883
138                       11.834703119996075
139                       11.779295485906987
140                       11.842733379781194
141                       10.896953692898157
142                       11.663854464275556
143                       11.89597475788345
144                       11.864657138223516
145                       11.226496097168468
146                       11.709084375209905
147                       11.687299052714572
148                       10.891755261920615
149                       11.256212611771097
150                       11.227610944193588
151                       10.917755641385607
152                       11.781000492172165
153                       10.960710636388244
154                       11.788490839591892
155                       10.922981064875904
156                       11.563189305572193
157                       11.879487100688168
158                       11.851022364620773
159                       11.758602854232425
160                       11.402753292489251
161                       11.735989454411529
162                       11.887903190696298
163                       11.882161207754775
164                       10.942534633675779
165                       11.495420180400425
166                       11.351090733478644
167                       11.224246930344341
168                       10.864946839253673
169                       11.689368825669423
170                       11.38054340933864
171                       11.200131708432776
172                       10.975505952049788
173                       11.526667824204553
174                       11.786400485318747
175                       10.906514495755495
176                       10.934247867824505
177                       11.218471780072639
178                       11.911412672973075
179                       10.943281508324754
180                       11.24021429392813
181                       10.920332648963162
182                       10.949094718346618
183                       11.859101176372523
184                       11.851805840198418
185                       11.348387734502284
186                       10.962894387433426
187                       11.25819738040886
188                       11.687316101684686
189                       11.809233564897374
190                       11.386223346198864
191                       11.703740033046893
192                       11.355819693261509
193                       11.853584815895392
194                       11.215376697946851
195                       11.835283469284532
196                       11.51571573270758
197                       11.693090375818668
198                       11.762363269379716
199                       11.76003894467498
200                       11.741522832757767
201                       10.940665910814038
202                       10.953918911237958
203                       11.762946475742506
204                       11.948176171279737
205                       11.250416137659204
206                       11.50382720962082
207                       11.566649350461525
208                       11.757389379735857
209                       10.875443834954567
210                       11.726493940081701
211                       11.909279612469202
212                       10.942470793968043
213                       11.145783601102327
214                       10.93824560003308
215                       11.900677653181242
216                       11.395437905545224
217                       11.844906653908591
218                       11.890307272646666
219                       10.918035470518676
220                       10.910421385635686
221                       10.928745037705625
222                       11.798383852067097
223                       11.819052401301272
224                       11.33590462872417
225                       10.923497679336641
226                       10.93908784316881
227                       11.91938368453308
228                       10.906122205101848
229                       11.21332178575383
230                       11.55169692819882
231                       10.911515645241579
232                       11.92824819527405
233                       11.739895735048712
234                       10.908388516867067
235                       11.89537209478581
236                       10.956978613333272
237                       11.398301279338117
238                       10.862550607321706
239                       11.704133927490664
240                       11.901052972388229
241                       11.966458279514088
242                       11.691161897167207
243                       11.199452276813577
244                       10.897757370359423
245                       11.841325407629016
246                       11.749121911079229
247                       11.80237061970395
248                       11.283258647911897
249                       11.203787992189309
250                       11.223752896868751
251                       11.755999111074017
252                       11.23322212340185
253                       11.375583153095652
254                       11.463693258876205
255                       11.76046818511096
256                       10.832243640658255
257                       11.446598158650778
258                       11.732007536344502
259                       11.248845424095588
260                       11.225028004657553
261                       11.724739305403677
262                       11.817220053985913
263                       10.925378734631899
264                       11.370659896458646
265                       11.783039101540622
266                       11.849424793458823
267                       11.172104204181256
268                       11.401220437718406
269                       11.688947021391249
270                       11.33704452358098
271                       11.919744036797816
272                       11.40525058162717
273                       11.94607370103929
274                       10.900077465965293
275                       11.73428980533629
276                       11.770328792670103
277                       11.823212689926608
278                       11.371770296553379
279                       11.261385494061173
280                       10.95057904057109
281                       11.226553121132861
282                       11.215699906286376
283                       11.771719069278221
284                       10.926284601960802
285                       10.944619279006861
286                       11.704342915295266
287                       11.209823020365453
288                       11.24135206800622
289                       11.39316949455143
290                       10.937236533873895
291                       10.935078885736916
292                       11.223291377534068
293                       11.743017347731023
294                       10.962012497469486
295                       11.263367583863324
296                       11.502853541055215
297                       10.86863663227966
298                       11.813459213057161
299                       11.920645713339482
300                       11.748172834851893
