1                         66.97414253869098
2                         66.98013719234365
3                         66.88456305327556
4                         66.95980101293287
5                         66.88097649657917
6                         66.89280537089739
7                         66.87155594856867
8                         66.8722291097994
9                         66.8885493849242
10                        66.89013225750433
11                        66.87797038023726
12                        66.87680317975455
13                        66.87733959127559
14                        66.93320944513744
15                        66.92711429149196
16                        66.91085179630129
17                        66.87473916018435
18                        66.92958469978035
19                        66.93274356255209
20                        66.93482668592601
21                        66.98479909263678
22                        66.87564289553227
23                        66.90511135287105
24                        66.92950975098466
25                        66.99362067359426
26                        66.91044370542284
27                        66.94875759388837
28                        66.94866147062685
29                        66.87139200739574
30                        66.93491356758975
31                        66.97125759686602
32                        66.90982664336197
33                        66.99836170788134
34                        66.89159202999082
35                        66.92399111634586
36                        66.89882835866561
37                        66.89514028455896
38                        66.88173518385598
39                        66.9160161361232
40                        66.94844545533165
41                        66.91866332209723
42                        66.98150622360102
43                        66.9326747916394
44                        66.94565826795854
45                        66.91631761802907
46                        66.87135649821657
47                        66.90126654081796
48                        66.93309237261465
49                        66.93052460362138
50                        66.89567809565314
51                        66.87406911130721
52                        66.99638097340335
53                        66.9888744156618
54                        66.8924837470134
55                        66.98310811124546
56                        66.9477943257599
57                        66.87402802157364
58                        66.92657652475695
59                        66.88633234099517
60                        66.9402080374753
61                        66.87295856803885
62                        66.8933472072773
63                        66.9018280387671
64                        66.89186767795324
65                        66.88141030364064
66                        66.88215116779445
67                        66.91534623170782
68                        66.96828676938829
69                        66.87219729560555
70                        66.93888367516375
71                        66.99804777006499
72                        66.89063485759688
73                        66.96302919402112
74                        66.90618794991659
75                        66.90796903065497
76                        66.95392954097082
77                        66.94781876502964
78                        66.88427388847927
79                        66.92547559382619
80                        66.97626724095204
81                        66.89626634066666
82                        66.91389543447143
83                        66.91086631618352
84                        66.8950107529283
85                        66.87251532684269
86                        66.95518260047106
87                        66.91686907488723
88                        66.91024670801549
89                        66.87910378630563
90                        66.87976309730158
91                        66.93835253295558
92                        66.87261980894667
93                        66.87934719602562
94                        66.8769191030833
95                        66.87163220837633
96                        66.9023377802639
97                        66.9069168140261
98                        66.87497683292861
99                        66.8711883184305
100                       66.87306195675689
101                       66.95500945980555
102                       66.87562308190908
103                       66.91860187001818
104                       66.98884944611397
105                       66.91261624337913
106                       66.87995178212155
107                       66.92582440638955
108                       66.87494938687153
109                       66.91316987560059
110                       66.9381992031543
111                       66.90081429666766
112                       66.89685045137925
113                       66.87120754644103
114                       66.92883950036415
115                       66.871157774942
116                       66.87155932446687
117                       66.87141529686477
118                       66.97663189780064
119                       66.87835761155384
120                       66.99362192552476
121                       66.88837726943747
122                       66.99271132475009
123                       66.91142152688712
124                       66.98381413495264
125                       66.92235287036466
126                       66.97559293671654
127                       66.92648908899535
128                       66.93127468004188
129                       66.91415071038435
130                       66.99060826533726
131                       66.89167930370327
132                       66.97189931645575
133                       66.87610348534324
134                       66.94882401944881
135                       66.9502962245503
136                       66.94292715224502
137                       66.97478288214363
138                       66.95598507798309
139                       66.96075503319032
140                       66.95606604685226
141                       66.87128232487866
142                       66.98731847303449
143                       66.9504839327078
144                       66.95226592371813
145                       66.88814671032333
146                       66.98502605136976
147                       66.99833500231932
148                       66.87236658357747
149                       66.88848382973191
150                       66.89061611742942
151                       66.87121014416428
152                       66.92680189991242
153                       66.87423973840014
154                       66.97272764494595
155                       66.88114291670249
156                       66.92082048917293
157                       66.92950684268612
158                       66.96547772624092
159                       66.97190683136124
160                       66.91165191160722
161                       66.97317567765995
162                       66.93083585474685
163                       66.95202061913555
164                       66.88242831864902
165                       66.91786407664334
166                       66.9064357206051
167                       66.89192131071692
168                       66.88467417403545
169                       66.99518338861749
170                       66.90655503356379
171                       66.89523582667891
172                       66.87455891499764
173                       66.92061164911858
174                       66.9621524374567
175                       66.8711527231929
176                       66.87381683693752
177                       66.89127068222852
178                       66.93689396284988
179                       66.88316617263708
180                       66.8928779925772
181                       66.88005098722824
182                       66.87475881202494
183                       66.94646763744602
184                       66.94553459398861
185                       66.90992717687551
186                       66.87507684181398
187                       66.89209241540263
188                       66.99857641369373
189                       66.97143154692901
190                       66.90674371228816
191                       66.92481727321935
192                       66.90221779125463
193                       66.94169962065716
194                       66.89167899166216
195                       66.95447613504818
196                       66.91787266425189
197                       66.99099351837144
198                       66.92654059152242
199                       66.97714936973819
200                       66.98645877804647
201                       66.88004242376596
202                       66.87421245372293
203                       66.98005601044001
204                       66.9317380386205
205                       66.88942760736761
206                       66.92102542072882
207                       66.92159147577239
208                       66.9737152469763
209                       66.87193917713125
210                       66.99040365779408
211                       66.94388544098899
212                       66.87335440793547
213                       66.88646896824577
214                       66.87671592041416
215                       66.93638047447871
216                       66.90613294234458
217                       66.94847942391247
218                       66.92815684840033
219                       66.88101324938971
220                       66.8810109416066
221                       66.8847623914608
222                       66.95169154279118
223                       66.9720153199785
224                       66.90273443627322
225                       66.87194391739295
226                       66.87355902902183
227                       66.93563925312635
228                       66.87196819576899
229                       66.89283460879791
230                       66.92008558663034
231                       66.87939268947154
232                       66.93197332378296
233                       66.9872211505201
234                       66.88401922963027
235                       66.93495211289022
236                       66.88109715125684
237                       66.90055593598888
238                       66.87269562184974
239                       66.92521696571646
240                       66.93727364005733
241                       66.93410186850481
242                       66.989107070227
243                       66.8909604031339
244                       66.88469807750292
245                       66.95536202296057
246                       66.97380280166499
247                       66.96433617772176
248                       66.89664333118328
249                       66.89591980352513
250                       66.89135051305391
251                       66.96774353819407
252                       66.89557480414408
253                       66.90156229587404
254                       66.91705365157357
255                       66.92706912885748
256                       66.87152297238848
257                       66.91756010143595
258                       66.98740708181847
259                       66.89822389928017
260                       66.8930228650319
261                       66.99095026918611
262                       66.96930999983383
263                       66.8717077185157
264                       66.90119431993965
265                       66.97614748862463
266                       66.94569851687793
267                       66.88707274977953
268                       66.90566429544806
269                       66.98896978040635
270                       66.90946668505755
271                       66.93261510612143
272                       66.91127240778886
273                       66.93541118499397
274                       66.88279808734994
275                       66.98370896120825
276                       66.98915024167538
277                       66.9682860576301
278                       66.90072930783893
279                       66.89749794503945
280                       66.87702069695764
281                       66.88982403420506
282                       66.89567917532678
283                       66.9763479388079
284                       66.8793823086619
285                       66.87324571100169
286                       66.98786876318714
287                       66.89267290298805
288                       66.8897630092898
289                       66.90232562998962
290                       66.87857985279824
291                       66.87987446183739
292                       66.89444707797252
293                       66.9699244626866
294                       66.87368738267135
295                       66.89000657729211
296                       66.91387709442914
297                       66.88495525421708
298                       66.95845925803259
299                       66.93673485674435
300                       66.97950666419847
