1                         -2.1440125381115553      516                      -1.9228708757265816
2                         -0.007685959112216389    -0.15000000000000005     -0.10322235886468471
3                         0.04810285815492317      -1.5529007563486493E-17  0.14134334174705812
4                         -2.6283595822697396      516                      0.47589458151471736
5                         0.08450342157985767      -0.15000000000000005     -0.08755485660746463
6                         0.08702507459501418      -0.15000000000000008     0.0880817883830412
7                         -0.02993211000969947     516                      2.185633426782927
8                         -0.03947712878725175     515.9999999999999        -2.577441555325241
9                         0.27382142197305387      516                      0.05416004036837489
10                        0.4879683996074668       516.0000000000001        -0.9660367442079785
11                        -0.02265771682188215     -0.15000000000000005     0.12621522712038313
12                        -1.1874743452495722      516                      1.5839681960143666
13                        -1.4617127553596638      516                      1.6149139336388263
14                        -0.06929498671179421     -0.15000000000000008     -0.04203842723253032
15                        -0.10687132751111691     -0.15000000000000002     0.07023709643036125
16                        -0.10741429719555814     -0.15                    -0.005953556079214321
17                        0.040888723562719026     -0.15000000000000002     -0.05289282609393019
18                        -0.08123386469988265     -0.15000000000000005     -0.10005708221335372
19                        0.03874695828615992      -0.15                    -0.024266881380682285
20                        -3.49034082788166        516                      0.21992891830655947
21                        -0.02900115483655616     3.15228191686302E-18     -0.08678250528822538
22                        -2.5519529944550703      516.0000000000001        2.110586190285367
23                        0.0220095792563929       -0.15000000000000005     0.06016711486545763
24                        -2.4561433080683304      516                      -0.540522867518495
25                        -1.1640732653845438      516                      0.33884390265786324
26                        -0.08821837780708107     -0.15000000000000002     0.026432157374026488
27                        -2.256859613442741       516                      0.03200801494687938
28                        -0.12156081257676961     -0.15000000000000002     0.01177995650789202
29                        0.23535911957570774      516                      -2.2448539334198774
30                        -0.083782521552348       -0.15000000000000002     -0.08711985108286155
31                        -0.01952294847600177     7.808468304959916E-18    -0.1721607559290363
32                        0.02929428162620762      -0.15000000000000008     0.090142895026556
33                        -0.6507881654810797      516                      -1.6385544926103668
34                        0.0886021755564296       -1.3623602633407941E-17  0.0748827756643819
35                        -0.09239234034308193     -0.15000000000000002     -0.1203541073093242
36                        0.8059448617625048       516                      -0.18281223160900079
37                        -0.034189478730079624    -0.15000000000000002     -0.02838124935993953
38                        1.2013764319482845       516                      1.5706114142603125
39                        -0.01238071138823312     -0.15000000000000008     -0.11102648455035577
40                        -0.10699637167167332     -0.15000000000000005     -0.06385545924407937
41                        -2.3159851780823932      516                      -1.3565877783904376
42                        -0.6320490462027912      516                      -0.8847038652758556
43                        0.08036057803165045      -0.15000000000000002     -0.0993578523118486
44                        -0.12083254838600667     -0.15000000000000002     0.002813682258750484
45                        -1.8317013452508446      516                      1.4235018457764932
46                        -0.22560084417169002     516                      0.595033767844328
47                        -1.1276695490235984      516                      3.189464909305556
48                        -0.024471377417314148    -0.15000000000000002     0.0706606761583166
49                        0.024991311261380593     -0.15000000000000002     -0.1236481654336017
50                        -0.010368654286681366    -0.15000000000000002     0.12370018636172252
51                        -0.6182670727586002      516                      0.8386826127374759
52                        -0.07869905682137017     -0.15000000000000005     -0.042488466025764136
53                        -0.0927803865178193      -0.15000000000000002     -0.024576546212008627
54                        -1.5271895144375462      516.0000000000001        1.1626472719074368
55                        -0.8584480402669489      516                      2.2134059967824755
56                        -0.42431499350703084     516                      -2.6583273068581694
57                        -0.028631717868068583    -0.15000000000000005     0.11304670121442756
58                        -0.004619649774309291    -1.5857444465462274E-17  0.16546763753087249
59                        -0.030148038990935388    -0.15000000000000002     0.08199615351807059
60                        -0.08294468414605205     2.9672870536444064E-18   0.016050201849446444
61                        0.1096119389141919       -0.15000000000000002     -0.04828664982604568
62                        0.32289004457370674      516                      -2.2866612614133706
63                        0.0644367074833307       -9.382480426005137E-18   -0.018792600435162492
64                        0.033531313836303575     -0.15000000000000005     0.12329346051897971
65                        -2.540697209881016       516                      -2.6130461651212746
66                        -0.005083138413744815    -0.15000000000000002     0.032661288131318515
67                        1.5947540322628178       516.0000000000001        0.3627821624697528
68                        -0.026638670988014323    1.1958886593585766E-18   -0.0570534124826404
69                        -0.7374302031403657      516                      2.6099132038212027
70                        -2.2841622019423364      516.0000000000002        0.33755034787114785
71                        0.10349373905348284      -0.15000000000000002     -0.03888074854906974
72                        1.955923445135331        516                      -0.11254799473970256
73                        0.12468587462758016      -0.15000000000000002     -0.07807776231306247
74                        -0.014101498268010373    -0.15000000000000002     -0.03157782868275876
75                        0.06042083891123103      -0.15000000000000002     -0.06349731937984428
76                        -0.8782967210339242      516                      -0.7803739323389888
77                        -0.11648613728654705     -0.15000000000000002     -0.05364769936145786
78                        0.062060470303691946     -0.15000000000000005     0.10167166369046314
79                        -1.7587592305078752      516.0000000000001        2.0583331815047496
80                        -1.5515315314114575      516                      -2.354213789531154
81                        2.600695731830806        516                      0.6078302257924145
82                        0.16258820863184903      -1.137423475676048E-17   -0.04099459789465763
83                        0.07390677882606453      -0.15000000000000002     -0.0750740742301533
84                        -0.00929435271761759     -0.15000000000000002     0.05491848385932728
85                        0.028503347787174668     -0.15000000000000005     0.0503384516887797
86                        0.048198167656978076     -0.15000000000000002     -0.06276834912803726
87                        0.8696200200771543       516                      -2.635395526689686
88                        -0.07948789260737044     -0.15000000000000002     0.06230686799335236
89                        -0.10002554643418927     -0.15000000000000002     0.062162895818393335
90                        0.08911616300452113      -0.15000000000000008     2.4353989749223442E-4
91                        -1.9635721508386248      516                      -2.8828642326318623
92                        0.19599979816518187      516                      -2.74731295267492
93                        0.7013908872549625       516                      -0.4257174923501176
94                        0.038382766131210236     -0.15000000000000008     0.03947814263062252
95                        1.7688910119830268       516.0000000000001        -0.39725566913219934
96                        3.493039008653699E-4     -0.15000000000000002     0.052959362001117866
97                        -2.058296703683231       516                      0.49975961697043536
98                        0.02584599434401909      -0.15000000000000005     0.06575189783423373
99                        0.02220420559656484      -0.15000000000000002     -0.002222404462268708
100                       -0.2065566366450521      516.0000000000001        0.7710635464496848
101                       -3.143755358565004       516                      -0.48601880298891015
102                       0.8965851719199565       516                      1.863269027435089
103                       0.11837852152146056      -1.8973453282752614E-17  0.07676217837446608
104                       0.02009191560124804      -0.15000000000000002     -0.12843658277861308
105                       -2.0021878314610406      516.0000000000001        -2.096757831153718
106                       0.09885983817326083      -0.15000000000000008     0.056651733224438484
107                       -2.196337584551531       516                      -0.20579739751338394
108                       0.2243751262754188       516                      2.510080129673458
109                       0.07994369397177056      -0.15000000000000002     -0.025484498805838886
110                       -2.2323899989568385      516                      0.022179101329515408
111                       -1.163246744269304       516                      2.230343189174707
112                       -0.0344525689063692      -0.15000000000000005     0.005760798514817976
113                       0.024890154072128693     516                      -0.4303635353445404
114                       -2.1773804418665684E-4   -0.15000000000000002     -0.12537978066891517
115                       0.026070229804116357     -0.15000000000000005     0.11896230018787543
116                       0.5647826431350434       516                      2.1295411072415362
117                       -0.6133435986518824      516                      2.995783024884539
118                       -0.09503285691768187     8.320713179247475E-18    -0.10543171219685735
119                       -0.9604843069076603      516                      1.669824456103451
120                       -0.07240482071267844     4.610877966173726E-19    7.129460083847711E-4
121                       1.1956418441390508       516                      1.5473204221744636
122                       0.05054288367736612      2.870715505106712E-18    -0.16158696524109087
123                       2.82465799878924         516                      -2.649000292889449
124                       0.09782002936288955      -3.899330661390022E-18   -0.009552563406170318
125                       -0.2218698325356075      516.0000000000001        -0.7850323856629625
126                       -3.017133066822266       516                      0.1672612285296901
127                       0.10552673024507568      -5.650426477568817E-18   -0.0774100025271646
128                       -0.08394726857672379     -0.15000000000000005     -0.04251367215808644
129                       0.6648503095976743       516                      1.3856461849539745
130                       -1.922119039402239       516                      -1.415005807040552
131                       -1.1025629103295305      516                      2.9561336586497804
132                       -0.6174893951424663      516                      -2.6427561488519697
133                       1.1814929201783262       516                      2.8793823772455327
134                       -0.09059602991451281     -0.15000000000000002     -0.06079096976127888
135                       -0.05564313487235408     -0.15000000000000005     -0.09247706469537877
136                       -3.759810678728349       516.0000000000001        1.1245258389452264
137                       0.020372433461066437     -0.15000000000000002     -0.08206458421754609
138                       -0.1268869656417727      -0.15000000000000002     -0.020976257349323436
139                       -2.9216720322829786      516                      2.8376733525369904
140                       -1.8935731347883225      516                      -1.879664227380535
141                       0.9179431747388743       516                      1.4444938904983293
142                       0.00802182807561122      -2.2325557929060156E-18  -0.09507355157792474
143                       -2.9347562975695154      516                      2.2745093656755
144                       -0.12266893615793778     -0.15000000000000005     -0.0316768264347452
145                       -0.04607931034310786     -0.15000000000000002     0.08748162631763329
146                       -0.07944370693815701     7.787303155870959E-18    -0.11189434435116312
147                       -0.04906934278952385     -0.15000000000000002     -0.11933303655501791
148                       1.5668747320620033       516.0000000000001        -1.8117764951017596
149                       -0.1767526802702124      516.0000000000001        3.387153947428435
150                       0.009731006075453033     -0.15000000000000002     0.04504424066750849
151                       0.8588499868125374       516                      -2.176837999953372
152                       -2.4706914917729064      516                      2.3918432470997883
153                       -0.12660764734700022     -3.0630752415835695E-18  0.11246972273925032
154                       -0.1375542352049341      8.183120093581962E-18    -0.10423930378722764
155                       -0.015922266245368286    -1.2740930811701153E-17  0.1179482659340896
156                       -3.0700917509918617      516                      -1.7271602831161532
157                       -2.2247075246257975      516                      -1.2237593616023268
158                       -2.8947906728391763      516                      -1.778538696924343
159                       -1.3003334138456673      516                      -1.5752561540014371
160                       2.206378596447979        516                      2.0481237387011717
161                       -0.05634240254806368     6.011535101729128E-18    -0.10330729480342185
162                       -0.4732122725937746      516                      0.6130921924599162
163                       3.450770018383532E-4     -0.15000000000000002     -0.04031989864572206
164                       1.810093979227413        516.0000000000002        -0.339685548846694
165                       2.7756778583483297       516.0000000000001        0.41414395607807225
166                       -0.049484708798938765    -0.15000000000000002     0.09057440893951468
167                       -1.6825528511578771      516                      -1.3353510320057493
168                       -0.0046981227505221755   -0.15000000000000002     0.03670714642115603
169                       -1.1133493289999388      516                      -0.26453351008314974
170                       -1.5152184811521416      515.9999999999999        -2.924693648357568
171                       -1.90403099961764        516.0000000000001        -0.8389171113827325
172                       0.06006231595095937      -0.15000000000000005     0.033522704409343386
173                       -0.9900505465066674      516                      -1.9217981478638948
174                       -2.8815551832231154      516                      2.0899859309008115
175                       0.12010438729237412      -0.15000000000000002     -0.04176983334907813
176                       0.015159016623013276     -0.15000000000000002     0.012140012498929861
177                       -2.036658843721501       516                      1.2226967167624307
178                       -0.059985639420556396    -5.537974201042519E-19   5.314995432944385E-4
179                       -0.42133470935836465     516                      1.7600613337677087
180                       0.08318605012927112      -0.15000000000000008     0.07820210223871876
181                       -1.4908083110998183      516                      -1.9085880625754605
182                       1.7710609550100092       516                      1.2863917267449485
183                       -1.343888168784275       516                      1.643139975456271
184                       0.049420410542724134     -0.15000000000000002     -0.014355683238264671
185                       -0.11906316486705214     -0.15000000000000005     -0.03781727923324557
186                       3.2951031299360385       516                      1.8812552767316009
187                       1.1089002312755663       516                      -1.3537285070784424
188                       -0.036301975773313205    -0.15000000000000005     -0.035718750698863495
189                       -0.07700489748364496     -0.15000000000000002     -0.010929795369243085
190                       0.0764999570567888       -0.15000000000000002     -0.08047707673895242
191                       -0.14426963017217148     8.617567621577442E-18    -0.060639803527259825
192                       -0.05685402191079743     -0.15000000000000002     0.08709954978865264
193                       -2.451860686658078       516                      0.2324782495504677
194                       0.7401760605786599       516                      0.3014909798562565
195                       -0.127066926127184       -0.15000000000000002     -0.020773393952649485
196                       -0.01577329563177002     -0.15000000000000002     0.12761664286265714
197                       -1.099355678395418       516                      0.15165843266945217
198                       -1.9236825875083678      516                      0.39403133122360356
199                       0.02784904725456762      -4.5499267490888876E-18  -0.053094694299439464
200                       -0.8163872679548445      516                      0.2780317495514524
201                       2.847828987657798        516.0000000000001        -0.48630872370357436
202                       1.2512917484983337       516.0000000000001        -2.17962867288791
203                       -0.007920425859408843    1.2393039657119678E-18   -0.10162974169685264
204                       0.1314224517910384       515.9999999999999        -0.8291619928950559
205                       0.08699814586031461      -0.15000000000000005     0.09349442066524895
206                       -0.13288194331809253     4.6189765404961065E-18   -0.007606704992604195
207                       -3.071080438652588       516.0000000000001        1.7028200761686334
208                       -1.0270519850077293      516                      -1.9457241770248057
209                       -0.033491342007359995    -1.2245337393188534E-17  0.16931113840125755
210                       -2.150385002716055       516                      -0.9627814869415496
211                       -0.024048162455902553    -0.15000000000000002     -0.0870010828628833
212                       -0.045866238141527224    -3.0433806090003192E-18  0.03140667577508706
213                       0.02785092022486621      -0.15000000000000008     0.10903399837899881
214                       0.08116121394606489      -0.15000000000000002     -0.07467965046103603
215                       0.09718650099545613      -1.094204854042802E-18   0.011703560140654072
216                       1.2966975992486935       516                      -2.7368329812479524
217                       -0.0776194161197769      -0.15000000000000002     0.03353847246062846
218                       -0.05904096406269554     -0.15000000000000002     -0.07767558094710357
219                       -3.088377053384833       516                      -2.0713205179558765
220                       -0.12083580696523004     -2.4339272938904932E-18  0.09642311663513288
221                       0.03295047905026069      -0.15000000000000005     0.07716877497066203
222                       -1.1927700306680398      516                      -0.5678922134917203
223                       -0.9879504013618683      516                      1.406195024322472
224                       -0.03982503064083903     -0.15000000000000002     -0.10986767857379343
225                       0.047663006200320934     -0.15000000000000002     -0.03811638666062
226                       -2.188607142205704       516                      2.0105168173743064
227                       0.07115796845717957      -0.15000000000000002     -0.10232844360467486
228                       0.6534761063397775       516                      0.7477173137670559
229                       -4.004350413956738E-4    -0.15000000000000002     0.029849673663603467
230                       1.3556423263249933       516                      -1.1626146586966344
231                       -0.8659818605760307      515.9999999999999        0.6528515306307827
232                       2.119456701948908        516                      0.6459808365529632
233                       0.01050438769963831      5.707546226615881E-20    -0.07664537981347389
234                       1.2284385420440462       516                      0.7479494766197576
235                       -0.058332873731864646    -3.999193501679781E-19   7.023128265343725E-4
236                       0.11089811056288991      -0.15000000000000002     -0.06561867324873238
237                       -0.8193707976253799      516.0000000000002        2.3878450215917635
238                       0.06482274849979279      -1.6755978381273267E-17  0.14466140550685017
239                       -0.07001226878507348     -0.15                    -0.14344137065846047
240                       -1.8105374407817887      516                      0.9007859811121426
241                       0.07606045263463038      -0.15000000000000002     -0.052488478727595815
242                       -0.013934516210456735    4.612729321681647E-18    -0.12555880994832663
243                       -9.078818682009375E-4    516                      1.4193608249034921
244                       -0.0214007768146029      -0.15000000000000005     0.09037432833267775
245                       -2.0583491249681125      516.0000000000001        0.5508985221637658
246                       -0.12667310113148833     1.1050423477778757E-17   -0.11795574917318404
247                       -2.693359787473499       515.9999999999999        0.21618043234402773
248                       0.8274762235772405       516.0000000000001        -0.22193633288838308
249                       0.10406912238924143      -0.15000000000000002     -0.0898958560370801
250                       0.03313913607602601      -0.15000000000000005     0.08671402681073187
251                       -0.04610660829003422     -0.15000000000000005     0.02199716498267607
252                       -0.02605132247367875     -0.15000000000000005     -0.10212662195658977
253                       4.3171093774521343E-4    -0.15000000000000008     0.11035633153380801
254                       -0.13100646573925853     1.0957056647741698E-18   0.04895049473228163
255                       -1.9108411269992733      516                      2.806740478139313
256                       0.020819905616559012     -0.15000000000000002     8.647649571340028E-5
257                       -0.03357394906736005     -0.15000000000000002     0.06838697724143426
258                       -1.2136029113958016      516                      -2.1351621284694375
259                       -0.07126626179043476     -0.15000000000000002     -0.010639624783921987
260                       0.040664029001419744     -0.15000000000000008     0.12198252579265931
261                       -1.2164048292182785      516                      -0.3795875431512216
262                       -0.0552198671962152      -1.3938220557208976E-18  -0.01938510195408357
263                       0.044096110455603105     -0.15000000000000008     0.03553720861006894
264                       -0.43810264980150815     516                      -0.05364012216909823
265                       -0.14249664341585125     -0.15000000000000005     0.007145926552609476
266                       -0.07143203069942879     -0.15000000000000008     -0.07072555040022471
267                       -1.1661863504038588      516                      3.617848970410948
268                       -0.023477953443551226    -0.15000000000000002     0.018149979833889957
269                       -2.548696153614432       516                      -0.9197708404414561
270                       -0.12618116403190865     -0.15000000000000002     0.019036117010551
271                       0.09756743833333606      -1.8118564137361518E-17  0.13205503336069715
272                       0.4301334603225063       516                      -2.2048626815786974
273                       -3.3483942783406513      516.0000000000001        -0.905738380225542
274                       1.7674158377226694       516                      1.870397431426216
275                       -1.2682609261000097      516                      0.06407411746967061
276                       0.12394000022603732      -5.830509901943317E-18   -0.09288228700112318
277                       -0.08187659028297163     2.185919636677738E-18    0.004366744475306089
278                       -0.01792329503112068     -0.15000000000000005     -0.08572956783052571
279                       0.005555286388431721     -0.15000000000000002     0.05053617311363555
280                       0.04050663495374536      515.9999999999999        0.10792119835211053
281                       -1.736927271565606       516                      1.723837370675086
282                       0.022103385450807388     -0.15000000000000002     -0.0634251494624433
283                       -0.7475834476881542      516                      -1.487662676632052
284                       0.5464421434923814       516                      1.6473060168162246
285                       0.9127094572088904       516.0000000000001        1.5037944965923271
286                       -0.09531210083313639     7.898217682149575E-18    -0.05009732338923257
287                       -0.00540079911036923     -0.15000000000000002     0.05896339956954985
288                       0.06960427081430055      -6.4973685256180874E-18  -0.02765592979141136
289                       -0.08452932615037943     -0.15000000000000008     -0.0013189287644815755
290                       -2.520504614087872       516                      -0.38102135246685015
291                       1.6493267162431156       516                      1.1684211166947556
292                       0.10859381041071436      516                      -0.2959469840739209
293                       -0.7964439682076733      516                      0.4370647306538559
294                       0.15340202896200028      516                      1.4121780688493089
295                       0.47925530508533587      516                      -2.0125405976396973
296                       -0.009493153533386523    -0.15000000000000002     -0.1124281618231349
297                       -0.02554086987624392     -0.15000000000000002     0.08489103927953381
298                       -2.1578489164607917      516                      -1.4901193477762391
299                       -0.06874944756782382     -0.15000000000000002     0.05989049916688626
300                       -2.2055511866804722      516                      -1.421652698681066
301                       -2.2500843483026762      516                      1.195482705693786
302                       -2.4280254366070393      516                      -0.17268121333961403
303                       -0.016142715879785007    -0.15000000000000005     0.030820781598701972
304                       -0.420216018602338       516                      -3.790092346974163
305                       -1.2925045355352818      516                      0.04678152030015666
306                       0.2998182942553671       516                      1.0522767946211806
307                       -2.3250795274400047      516                      -2.6102099708880737
308                       -2.205492907979905       516                      1.1432496600384834
309                       0.14589150788733227      516                      -2.41004862717741
310                       2.0359945387658156       516                      1.5924030286966309
311                       2.80163842139557         516.0000000000001        0.056244739092143656
312                       -0.0301322428864689      -0.15000000000000005     0.12469471877657658
313                       -0.07207825321728396     8.166265753509772E-19    0.04538159773817587
314                       -1.4171245263123653      516                      0.6221998030148468
315                       0.888562354523281        516                      1.030411688430142
316                       -3.4870520429873237      516                      0.052718138535462394
317                       -2.4596492010180837      516                      -1.5911548101475164
318                       1.6650188383784628       516                      -1.246369783366344
319                       1.239517896063658        516                      -1.0668334336231486
320                       1.5438808573259737       516                      0.18617362108434435
321                       -0.07538746187109967     -0.15000000000000002     0.08832157144914016
322                       -0.043650416396922354    -1.0698276110615115E-17  0.15420478469105195
323                       -0.04363516142361723     -0.15000000000000005     -0.026095498594780574
324                       0.03918012817520735      -9.283740585718253E-18   0.11266393735310183
325                       0.09712539793261475      516                      0.6447768032417551
326                       -0.0732370869491122      -0.15000000000000002     0.10590177655490812
327                       1.0052482413418689       516                      -1.0042381734487615
328                       -0.8317479561180154      516                      0.5792541405576418
329                       -0.05030807642024422     -1.1073846019024893E-17  0.16699596678247156
330                       -0.10655855490723577     -3.9870105525055934E-18  0.10736115444469103
331                       -0.6142156141411247      516                      -2.1553011423119415
332                       2.1854536728776743       516                      -2.1915363456058694
333                       0.07071305183263993      -1.0653192656877934E-17  0.03910504778763908
334                       -2.4631716280151332      516                      0.6099017266432214
335                       -3.772733651330058       516                      -0.34209982948813455
336                       0.9953173967184941       516                      2.1587974874998688
337                       -1.287379160826554       516                      -1.7701987120061393
338                       -1.7850571213102149      516                      -1.132254471758138
339                       0.1702833927957425       -1.6082017390209104E-17  0.028194142951114835
340                       -0.09270388891170969     7.145186131233053E-18    -0.09306408808088953
341                       0.012589993334484814     -0.15000000000000005     0.04951918620530027
342                       -0.10421209632272722     -0.15000000000000002     0.058392726920934175
343                       -0.5632764153105533      516                      3.4739469386466704
344                       3.45169779607876         516.0000000000001        1.302244952345694
345                       1.0888551258670596       516.0000000000001        -1.4920666180532456
346                       -2.179690093979697       516                      0.04621591404033566
347                       -3.1412424949901467      515.9999999999999        -0.11303548998151364
348                       1.7849006677659158       516                      0.9297504750379741
349                       -2.033718299092746       516                      0.17196355279900005
350                       -0.5618206651632046      516.0000000000001        -0.602209484467714
351                       0.10107794089245771      -0.15000000000000005     0.07545019703692331
352                       -0.0883440242932284      -0.15000000000000002     0.029990716839483386
353                       1.0143427716644908       516                      -1.0163853763277926
354                       -0.09184741485096685     -0.15000000000000002     0.014726192776511191
355                       -0.9898196803808201      516                      1.8884740454053217
356                       -0.14161842773686334     5.079699035267126E-18    -0.0055010925851775765
357                       0.967697883104795        516                      -2.879984097560504
358                       0.11922472149366929      -0.15000000000000005     0.10403810322458487
359                       -0.2695048253943828      516                      1.678422444753156
360                       0.11225286625844952      -0.15000000000000002     -0.043241936810158525
361                       -0.057578568546688684    -0.15000000000000002     0.10699179951587205
362                       0.04621575903629141      -1.1743351277374465E-17  0.04141193608515351
363                       -2.306588096610063       516                      0.04339271096529895
364                       -0.782507148359042       516                      -0.8039090666904678
365                       -1.7889556050842526      516                      2.033171977243141
366                       -2.644174979551206       516                      1.8032232182362313
367                       -0.04509171339694922     -0.15000000000000002     0.05788739878456912
368                       3.5279652150913736       516                      1.4774338023269387
369                       0.7501332390665882       516                      1.4769822104687207
370                       -0.5195440074500831      516                      -0.6496109987987827
371                       0.042230225604035145     -0.15000000000000005     -0.11984349147266334
372                       -3.305254083164125       516                      -1.3188831229122222
373                       1.2123887896094356       516                      -2.9786217017419405
374                       0.10419493850854497      -2.534481396862477E-18   -0.1281994796836522
375                       1.2629550503477718       516.0000000000001        -1.9577895769395528
376                       -0.1220760372228419      -0.15000000000000008     -0.011532053229776087
377                       0.08945943099494871      -0.15000000000000002     0.018843655844083932
378                       0.03705117417847179      -0.15000000000000005     -0.12321439208289588
379                       1.7582995721688695       516                      1.2275422499505482
380                       0.10346137536388827      -0.15                    -0.07451288838332025
381                       -3.0905829450971245      516                      -0.6224935446773682
382                       -1.587218866618197       516                      -1.749806622060582
383                       3.0787670990433167       516.0000000000002        -1.5478812620035163
384                       2.7643802895693845       516                      -0.7675698459951893
385                       -0.07843836687841683     -0.15000000000000002     -0.0048680753314768056
386                       -1.422004705891084       516                      -1.583171776821437
387                       -2.602601622402625       516.0000000000001        3.1477916074516354
388                       0.16718533297933166      -1.1471527438954274E-17  -0.04400281216191901
389                       0.13816902780114718      -0.15000000000000002     -0.08020225642383372
390                       0.05862779260572624      -8.026868877884356E-18   0.00829918476082005
391                       -2.7956835628933243      516.0000000000001        -1.4310410840546992
392                       0.16044997890137183      -1.1717612901871456E-17  -0.03324857748771683
393                       0.051018813513580084     -0.15                    -0.0035479861938379014
394                       1.9439822431930188E-4    -0.15000000000000002     0.025088356510941254
395                       -9.065446722596978E-4    2.874232046477181E-19    -0.0960165599863775
396                       -0.012024930492985716    -0.15000000000000002     -0.011104478630068922
397                       -0.05882642164784123     -3.578796920210674E-18   0.05070705602243575
398                       1.1041859559696117       516                      -1.8417313274760045
399                       -2.760843750940021       516                      -1.0098300189868568
400                       -0.017015779120542435    -1.3322271987840108E-17  0.1704232521474313
401                       -1.386196882111766       516                      -1.7137556258742281
402                       1.734998308404727        516.0000000000001        -0.08660890970724071
403                       -3.1173703105900055      516                      2.4080146226446315
404                       -0.08704686082774915     -0.15000000000000002     0.0801298761518647
405                       -0.014623287643968346    -0.15000000000000005     0.08058964614906367
406                       0.009519876238632055     -0.15000000000000005     0.07773787085199314
407                       -3.5796638739383817      516.0000000000002        -0.18347953344024456
408                       -1.0068808089631494      516                      -1.8828107639863665
409                       -2.8183638181427906      516                      -0.33743542160472234
410                       0.06684936808870158      -0.1500000000000001      0.05513526567198276
411                       -0.8783562065586749      516                      -0.29934003867203773
412                       2.9679267464385255       516                      0.8952632843549607
413                       -1.8835649611583882      516.0000000000001        -2.017264640632197
414                       0.04092501555091577      -0.15000000000000005     0.04545128578842427
415                       -0.13282729313522743     1.0346858634164985E-17   -0.10031147130789493
416                       -0.41389515287090545     516                      3.644851940629787
417                       2.3580758846969148       516                      -2.5019067821798022
418                       0.016943429584030247     -8.605263309965716E-18   0.05937665216936569
419                       0.08146310208925452      -4.607864112770899E-18   -0.1118015890012052
420                       -0.14293696046023074     8.629751292874357E-18    -0.08824263204197513
421                       0.10203191097403042      -0.15000000000000008     0.04097796034662975
422                       0.20420912103327238      516                      2.2242075287402012
423                       -0.04428540925209534     -0.15000000000000002     0.028538024709360635
424                       2.5027447710895817E-4    -0.15000000000000005     0.09963269180872526
425                       0.04183614338198461      -0.15000000000000008     0.05150531716910927
426                       0.3729666247589877       516.0000000000001        -2.9533115263526586
427                       0.0660590402993726       -0.15000000000000002     -0.1106344524316466
428                       0.10602317591448444      -0.15000000000000005     -0.04807996036122518
429                       0.31238548149931933      516                      -0.41372538649715707
430                       -0.06302312963491327     -1.1929495396663125E-20  -0.001067800510033793
431                       0.11719701382729728      -0.15000000000000002     0.022297950394946753
432                       2.6072967895766586       516                      -1.3400886574389206
433                       -0.16241265922510256     5.139242349053333E-19    0.04674894346994355
434                       0.03515088714938555      -0.15000000000000008     0.0384217072620119
435                       -3.110952745003004       516                      0.1530760843296517
436                       -0.16475495165772228     4.417971651645721E-18    0.027758151693894312
437                       0.032018894002195535     -0.15000000000000008     0.03220977338735315
438                       0.9604254632746518       516.0000000000001        -1.305905895119318
439                       0.08886673087040295      -0.15000000000000002     -0.08947908757520183
440                       -0.0872894302791755      -0.15000000000000002     -0.051495441837937826
441                       -0.5515793728397983      516                      -3.4964345496828657
442                       -0.26407177792420544     516.0000000000001        -1.037453669047664
443                       1.855424704365245        516                      2.357438484889414
444                       -0.115679149114761       515.9999999999999        -3.1042120195220737
445                       0.02510541791069753      -0.15000000000000005     0.11762648174247974
446                       -1.7444654572713068      516                      -1.672708534606853
447                       0.7258619424442857       516                      1.8776528781515747
448                       0.13784901058829757      -8.394642446494401E-18   -0.06191759549600328
449                       -1.0731318493072521      516.0000000000002        -0.4160902390505506
450                       -2.8418018194409016      516                      -0.04984861352885664
451                       -0.9084026193665524      516                      -2.3736045701359547
452                       0.09945686485432767      -0.15000000000000002     -0.016663271377044053
453                       0.04094940914061105      -0.15000000000000002     -0.0638518074195281
454                       0.6154980036626206       516                      -1.7513421886898166
455                       0.02710966958193383      516                      -2.321188904850693
456                       0.00785323515738654      -0.15000000000000002     -0.06334076986593784
457                       3.0866142660377043       516                      1.4995233310625407
458                       -0.02026581500740979     -0.15000000000000005     -0.11026044388016165
459                       3.455102591879908        516                      -0.37089716092184627
460                       -0.06197916735263262     -0.15000000000000002     -0.0019521695113947912
461                       -1.1231856331220471      515.9999999999999        -0.007550618067876116
462                       -2.45034567234781        516                      2.4409082816457466
463                       0.08511492671891907      -0.15000000000000002     0.01620335075503739
464                       -0.06876304218330714     -0.15000000000000002     -0.06086918129712539
465                       0.4199789938119361       516                      0.22172975506393697
466                       -0.06054609644870747     -0.15                    -0.11090007261113752
467                       -1.2435355057574533      516                      -0.41047566256567525
468                       -0.03922065862824262     -0.15000000000000002     0.04597400139664634
469                       0.03201980134698576      -0.15000000000000008     0.09945592173060792
470                       0.08774032918419712      -0.15000000000000002     -0.0649110650046951
471                       0.11415677061544476      -0.15000000000000008     0.05979382750534009
472                       0.027778785768568556     -0.15000000000000002     0.00718056758052598
473                       0.11686210842656045      516                      -3.2851453526482013
474                       -0.8989232994996204      516                      1.9432410312935204
475                       -0.005232667012575252    -0.15000000000000002     -0.02859173140133986
476                       0.834128090266642        516                      -2.9463738521113307
477                       -2.78515103200763        516                      -0.5944890379451557
478                       -0.0100350498981535      6.668342357490375E-18    -0.1631939599817715
479                       -1.397004539554376       516                      0.01915176359207745
480                       0.07364401572203057      -0.15000000000000002     0.014180986269929379
481                       -0.14400032866635393     -1.1503033182991863E-18  0.0986244679513749
482                       0.15892012222713103      -1.0021407521662952E-17  -0.05941985686983878
483                       -0.15451115804284576     -0.15000000000000005     -0.04010560652071541
484                       0.07420308236191595      -1.4890394964679622E-17  0.10481378233498417
485                       0.009423847154519124     -0.15000000000000005     -0.1191087639353186
486                       0.2727847427969421       516                      -1.6621797286506295
487                       -0.10989908213508551     -0.15000000000000002     0.03402779033974215
488                       -0.09283236447503876     -0.15000000000000002     0.08801591879866756
489                       -0.05423129798563816     -0.15000000000000005     -0.035460072100801945
490                       -1.4909090193396264      516                      2.0206425924277864
491                       0.019864370841471458     -0.15000000000000005     0.0776747807433828
492                       -0.033704200503398854    -0.15000000000000002     0.0813691083774135
493                       -1.7333147381204395      516.0000000000001        3.241738205558501
494                       -0.009166108152807807    -0.15000000000000002     0.0269821853238191
495                       -1.6867583564069821      516                      -1.518573691223214
496                       -0.10957785355953736     516                      1.5299277340725228
497                       -0.290524297901704       516                      -0.885725302034084
498                       0.115819005337171        -8.001388772028727E-18   -0.01588118424386157
499                       -0.14894218338546952     6.331240408480873E-18    -0.021633138572140456
500                       -0.04399340734745365     -0.15000000000000002     -0.07371352026063652
501                       0.2585792648375545       516                      -0.0012238899493059036
502                       0.10560591726062975      -0.15000000000000005     0.006909015384964979
503                       0.596917782093643        516                      3.2467588555038307
504                       -0.007731914998009567    -0.15000000000000002     -0.01288817578719357
505                       0.10796390696240749      -0.15000000000000002     -0.006254450447243121
506                       -1.749432302258396       516                      0.5023057425161835
507                       -0.7831580910268852      516.0000000000001        0.9710311495261811
508                       -0.023574762972086685    -0.15000000000000002     0.05476487338797985
509                       2.1931069708930457       516                      1.1530725369943686
510                       0.14595801379418136      516                      3.289619426772098
511                       -2.4016028757772503      516                      2.3314788720497526
512                       -0.9719689276354413      516                      2.4997395338582407
513                       -2.490645073785571       516                      -0.6118266439041405
514                       -0.11022847600548188     -0.15000000000000005     6.750346214277351E-4
515                       1.37030530510253         516.0000000000001        0.7086036282096367
516                       -0.015838116730424685    -0.15000000000000002     0.1244545408106212
517                       0.2106530983335653       516                      0.5107861565083902
518                       0.10173441827517159      516                      0.35494844926497626
519                       0.11301920190517613      516                      2.2771400344205293
520                       -1.520604324400603       516                      3.062881953598286
521                       0.6880019390027183       516                      1.227852222616474
522                       -0.06217372157127757     -0.15000000000000002     -0.02392592418840147
523                       -0.0830774008809884      6.328642544369573E-18    -0.028917186232240835
524                       -0.09583108432291457     -0.15000000000000002     0.08606422599185823
525                       0.07259490397143836      -3.851972492933439E-18   -0.043290233693778005
526                       0.10585717918164171      -0.15000000000000005     0.009937009574715853
527                       -0.06941707171065634     -0.15000000000000002     0.10577175646264565
528                       0.01031644063477983      -0.15                    -0.1216844596693695
529                       -0.031637210500449604    -0.15000000000000002     -0.11510092713945685
530                       0.10114457883073726      -0.15000000000000008     0.07056336959641481
531                       2.429155583714829        516                      0.13413545438308128
532                       0.11047266910595714      516                      -0.8217847342270829
533                       0.07345909825272642      -0.15000000000000005     0.10421704145371569
534                       0.0719995846119367       -0.15000000000000002     -0.10005233709754417
535                       0.32298898383336966      516                      -0.5012440552074532
536                       -0.12871024123833052     -0.15000000000000002     0.002890504517166954
537                       -0.04328118083386914     -0.15000000000000005     -0.05607143410039981
538                       -1.783466325078056       516                      0.11438598154154156
539                       -1.813136017413312       516                      0.5162772624036218
540                       -0.1024869951776294      -0.15000000000000002     0.047039888262747666
541                       -0.0802957049892911      -0.15000000000000002     0.06429942794905785
542                       0.011797141192879248     -0.15000000000000002     0.09579113708254716
543                       -2.7768902353448666      516.0000000000001        -2.1327444313419983
544                       -0.031986069502698035    -0.15000000000000002     -0.05153668355743506
545                       1.2328838695378153       515.9999999999999        0.4834311088533202
546                       2.0319073969045247       516.0000000000001        -0.026574155891981577
547                       1.5907589172383514       516                      -3.602063399015547
548                       -1.4037991331441826      516                      -2.6140384320339924
549                       -2.715469831123145       516                      -1.1875901540156282
550                       -0.6931898149860463      516                      1.8883287903688168
551                       0.12695082910980948      -0.15000000000000005     0.022114592482621997
552                       0.9211281816267831       516                      2.77701512494072
553                       -0.2678670620978368      516                      2.356777063687164
554                       -0.3960787395841058      516                      -3.2604958803327015
555                       -0.10330203774318843     -0.15000000000000002     -0.018130006178813284
556                       -2.0360537576523483      516                      1.2589454848131698
557                       -2.3668046247277514      516                      2.189091772447327
558                       -0.05919966860931242     -1.6149542902571132E-18  -0.011793937090068488
559                       -0.021312165350447658    -0.15000000000000005     -0.1207608474021575
560                       1.3821475380485273       516                      -2.594526767363842
561                       -0.08440501638236815     -0.15000000000000002     -0.06696621808124464
562                       -0.03359602074718803     -0.15000000000000002     0.07408894262024616
563                       -1.023945516052111       516                      3.0559966337655697
564                       0.06184297000307669      -0.15000000000000002     -0.11252487349291526
565                       2.2776696457918373       516                      2.0277788557368344
566                       -0.10221550303605342     -0.15000000000000002     -0.0303199143031687
567                       -1.40536858178622        516                      -2.3209518831329383
568                       -0.03558626477102812     516                      2.018942374820065
569                       -0.8241714580766581      516                      -1.288025411384307
570                       -2.533118497415596       516                      0.0938411167205577
571                       -0.9631463837997788      516                      -1.5674061446690268
572                       -0.8972579365053782      516                      -0.5289182525751782
573                       -0.0629923671816503      -0.15000000000000002     -0.08380783946836852
574                       0.12184879419519054      -0.15000000000000005     -0.03126801613984377
575                       -0.021078731760844998    -0.15000000000000005     -0.12435941759255563
576                       -0.044682009742195536    -0.15000000000000002     0.07236312849196085
577                       -0.15563602717788994     1.2448314175825356E-18   0.07114464780807417
578                       -0.10181234996253782     -0.15000000000000005     0.01713173829687903
579                       3.0659866678554395       516                      -0.17097690967889964
580                       -0.4116672522572557      516                      2.765498478261952
581                       0.05754104142720639      -1.2417434076555222E-17  0.10543487182022045
582                       0.2919219357467129       516                      2.0713888194326144
583                       0.07493591883174922      -0.1500000000000001      0.05277144587715663
584                       0.02160090173233393      -0.15000000000000002     0.014692788840381894
585                       -0.07833208454625289     -0.15000000000000002     0.0965953545834067
586                       -0.872699730065849       516                      -1.5141263538648493
587                       0.8545024126794798       516                      -2.7124767598136423
588                       0.4147146352085175       516                      -0.2618827677439322
589                       -0.48042705202833336     516                      1.5415791693006635
590                       -0.2974786324367445      516                      0.9510528802753352
591                       0.07534386691512888      -8.948129673868946E-18   0.0376333324862837
592                       -1.5799049324738235      516                      0.6572884521097568
593                       0.09615530498886932      -0.15000000000000005     0.06379845155189486
594                       -1.0816942923737046E-4   -0.15000000000000002     -0.06641229832215724
595                       -0.12753047485351032     -0.15000000000000005     -0.01394918373333069
596                       0.8320424035650343       516.0000000000001        -2.019436362797952
597                       -0.09181966653500241     -0.15000000000000002     -0.0816263838570141
598                       0.23450311082774752      516                      0.4565443985936176
599                       0.0735977027191979       -3.925776162070363E-18   -0.04147006987795449
600                       0.12395312715900429      -0.15000000000000008     0.008659161451579387
601                       -0.06622047641152547     -0.15000000000000008     -0.0011969151863414345
602                       -2.010561634633913       516                      -1.6059911963856064
603                       -1.1194864247989351      516                      0.3491655711547634
604                       -0.04738617935694897     -0.15000000000000002     0.020091801190574316
605                       0.44772909356758245      516                      2.3498829906914356
606                       -0.10030045706995626     -0.15000000000000002     0.04372869359409627
607                       2.3361208847476576       516                      -2.6225653772854085
608                       1.1916042678125778       516                      0.3443991904078248
609                       0.1372161443875744       516                      2.046793257571541
610                       1.5426708293023375       516.0000000000001        3.3271138994653997
611                       -2.3480442464130804      516                      -1.8559551547859112
612                       -0.9054633755591571      516                      -2.7328086086027685
613                       0.06682127468767701      -0.15000000000000002     -0.015363764059125236
614                       0.06335501408139686      -0.15000000000000005     0.12963845382462744
615                       0.1238045643115555       -0.15000000000000002     0.003942427005708018
616                       -0.08592711531901039     -0.15000000000000002     0.08485029446731117
617                       -0.06862840383764159     -0.15000000000000002     -0.042100032146082274
618                       -1.7578138642673273      516                      2.3756285142107707
619                       -1.4630338784142504E-4   -0.15000000000000002     -0.00963631612604856
620                       -0.030513203093682092    -0.15000000000000008     0.10468510582170067
621                       2.0488217803303366       516                      1.163121916371312
622                       -0.046098240430306164    -3.2980818465594974E-18  0.03579826493799999
623                       -0.0728158203690908      -0.15000000000000002     0.021769590461565017
624                       0.1006763355684508       -0.15000000000000005     0.02572554765089012
625                       -0.0547891593081122      2.30969399024095E-18     -0.04709274561404749
626                       -0.5129725623344151      515.9999999999999        -2.2088320644657555
627                       0.19630083429819714      516                      1.6776284791147775
628                       -2.7583803400031925      516                      -2.194684946321142
629                       0.849664191486646        516                      -2.397506869852545
630                       0.049039656788143884     -5.3361393292288215E-18  -0.026055627715406475
631                       -0.027730252549084268    -0.15000000000000002     0.0768367995548001
632                       -0.019949556842369588    -1.2446295259121855E-17  0.15905124424473155
633                       -1.0473635468711326      516                      1.072129055115559
634                       -0.02946196861591181     -0.15000000000000002     -0.1247744330163549
635                       0.05537084307416943      -0.15000000000000005     0.055162755994495896
636                       0.25290398407541986      516.0000000000001        0.8411457201155462
637                       2.4797749950646493       516.0000000000001        -2.0950992011160454
638                       0.12012371034478497      -0.15000000000000002     -0.04060260970020328
639                       -0.08819176627651207     1.0302157995251542E-17   -0.1442169813332741
640                       -0.0173190781860025      4.0035541647566515E-19   -0.05638200708138555
641                       0.26842890034755157      516                      -0.2793642224272162
642                       -2.58003638086691        516                      -0.008166963793841816
643                       -1.9086662320707484      516                      -1.045350084073819
644                       1.4829724267818845       516.0000000000001        0.008425214124699112
645                       -0.11204545513144945     -0.15000000000000002     0.046190745999003836
646                       0.11794924230916759      -0.15000000000000008     0.03878108483868263
647                       -0.11307190937977125     8.536503921547246E-18    -0.09419539066589935
648                       0.01938252437792206      -3.7329110080869594E-18  0.09084129653056724
649                       -1.0878238460816287      516                      2.267829139007311
650                       -0.14841787745693963     3.27386037822077E-18     0.030789940476375656
651                       -1.0248717163549035      516                      -1.2450559079944727
652                       -0.33200847450657456     516.0000000000001        0.6342505223153464
653                       -1.1886145079100339      516                      2.762020390890803
654                       -1.7989729665736611      516.0000000000001        1.6586142104488175
655                       0.015574527428712966     -0.15000000000000005     0.11009482495157925
656                       3.870628520794013        516                      1.3614225525084203
657                       0.1143098219346136       -0.15000000000000002     -0.10899827122272976
658                       -0.036930967255664006    -0.15000000000000002     0.08839589802072949
659                       0.10357705788647623      -1.7706162903215552E-17  0.12112379244956308
660                       0.15730206613098888      -1.5010555747356657E-17  0.023677173068677223
661                       -0.07763444142162183     -0.15000000000000002     -0.10099076978997161
662                       -0.16741219640435417     516                      -0.80026999325092
663                       1.0808050747776756       516                      0.6034667661542361
664                       -0.14427103138094785     1.0682503508809834E-17   -0.09434922984767281
665                       1.0942320319102374       516                      -0.5209873296039015
666                       -2.3989228933204374      516                      1.6321464191097363
667                       -1.8238892798695638      516.0000000000002        0.32368037952977446
668                       0.040327721343126385     -0.15000000000000005     0.028070142199693657
669                       -0.042625485866902416    -0.15000000000000005     -0.09037081777548295
670                       2.467600090703108        516                      -0.222152085685836
671                       -0.16363535800350004     6.792513693555068E-18    -0.011456548470702795
672                       0.029333900395314187     -0.15000000000000002     -0.006361257099087427
673                       0.05958701305707708      -9.665537658453072E-19   -0.10796373169422291
674                       1.7866289333611616       516                      -1.2426417610378695
675                       -0.07467995980823887     -0.15000000000000002     0.06599916757169391
676                       0.15972360525082327      -0.15000000000000005     6.939200631635122E-4
677                       -2.679729492291768       516                      -1.6478383046288236
678                       0.001301402633720601     516                      -0.836335211348825
679                       -1.870118452653715       516                      -2.183493133839883
680                       -0.05514155949100283     -0.15000000000000002     -0.03775644005784502
681                       0.6268378303852845       516                      3.450568295650852
682                       1.878550765781832        516.0000000000001        2.2097662736868995
683                       2.348918867462515        516                      -2.1355188767954023
684                       -0.053286017521109404    1.1256315401383742E-18   -0.02925868011929418
685                       -0.05635329044971741     -0.15000000000000002     0.00981890009602543
686                       1.3848558679228546       516.0000000000001        -0.37126326941774856
687                       0.023908914045608593     -6.410142184842617E-18   0.08333205583263917
688                       -0.5003637410085806      516                      -0.606163075519786
689                       -0.1430869181601536      6.634493181706232E-18    -0.029451871435379574
690                       -1.2449901172642284      516.0000000000001        0.09601893495383003
691                       -0.07412861222848362     -0.15000000000000005     0.10490221942385736
692                       1.1005914382922388       516                      -2.1873842338472245
693                       0.010420177033603921     -0.15000000000000002     0.10256537440081293
694                       -2.725138265994653       516                      0.5863078150624409
695                       -0.15447215026181244     516                      -2.386865162433812
696                       0.005682569203125635     -0.15000000000000002     -0.020927617803357456
697                       -1.7452834725876776      516.0000000000001        0.0736410288809527
698                       -1.9822255435004164      516                      0.5500034496043799
699                       0.1596471208108198       -0.15000000000000002     -7.029305013656204E-4
700                       0.07793937522728313      -0.15000000000000002     -0.0875050179884947
701                       -0.04274128906214221     -1.0082090896102578E-17  0.1430716185798931
702                       -0.04848550570705488     -0.15000000000000002     0.11267220566917004
703                       1.4070809259832786       516                      -0.7990152651576344
704                       0.05165593603450832      -0.15000000000000002     -0.02685423758079224
705                       -0.061851205262226205    2.8611809956179808E-18   0.06866209517732096
706                       -1.6470203018603853      516                      -2.2172020676080777
707                       -0.00766410940487874     -0.15000000000000002     0.11674800671658306
708                       1.0506630946529045       516                      1.2805050001780447
709                       0.057005866393698194     -0.15000000000000005     0.033503585941189865
710                       0.10167880566385197      -1.8704334323849122E-17  0.13962441558621783
711                       -3.644665606357453       516                      0.8885590565285645
712                       -0.8378301222018245      516                      -1.3161732101059112
713                       -0.08383445429082649     -0.15000000000000005     0.10239598898059457
714                       -2.3391577346987944      516                      0.1892488952758305
715                       0.07268599337544976      -0.1500000000000001      0.10620478649835448
716                       0.028385905659667296     -1.4767563064505054E-17  0.14862496187527416
717                       0.06695494781703407      -0.15000000000000002     -0.1018604941322934
718                       2.357127741299211        516                      -3.118962723441597
719                       -0.13661645081022328     -0.15000000000000005     0.039310528622563366
720                       0.024099290596698682     -0.15000000000000005     -0.04110498134207535
721                       1.9357863965215916       516                      -0.29668429505703797
722                       -3.956177037792459       516.0000000000001        0.2839653943629379
723                       2.206402922682892        516                      3.052703234928124
724                       -2.065291419272539       516                      0.6513122989913535
725                       -3.0351545021970905      516                      1.3571404466560453
726                       -0.013427666516160395    -1.3605880305578476E-17  0.170779928529329
727                       -0.04536369377159868     -0.15000000000000002     0.08932143152629982
728                       0.04802712918889317      -0.15000000000000002     -0.06979063035968869
729                       1.1280559377458885       516                      -0.7004607501601011
730                       1.2700860800782812       516                      1.033173842699632
731                       0.0037445673674841163    -0.15000000000000002     0.11483021140555999
732                       -0.07936358319431129     -0.15000000000000002     0.07778817675556583
733                       -0.8128152651142364      516                      -0.7366515335419737
734                       -0.009605528116300912    -1.1298084384961698E-17  0.1299555089048116
735                       -0.14403996548865722     9.421600362989225E-18    -0.09598383794088722
736                       1.825967697254852        516                      3.1783044618074383
737                       -0.6208943041439988      516                      -0.5075554062063056
738                       -0.46739049062395394     516                      2.3701770864188925
739                       -0.025412910466967652    1.2965022126003018E-18   -0.06001334391348666
740                       -0.12561934486723783     -0.15000000000000008     -0.004649311692791147
741                       0.07601160926116304      -1.1729040342893708E-17  0.09059548409066952
742                       0.5574292214235751       516                      1.8989008581248497
743                       2.073338931932655        516                      -1.438551548522034
744                       -0.12249972232316668     -0.15000000000000002     0.0038997871102545933
745                       0.07250484831563797      -0.15000000000000008     0.038612438191609796
746                       -2.161083195722935       516                      -0.44854668451853286
747                       0.12846828694826126      -7.53933769311457E-18    -0.0692993097094083
748                       -0.06947915700071451     -0.15000000000000002     -0.03886296020111478
749                       -0.21232787522868002     516                      3.227016093668428
750                       -0.042672716655295005    8.865769895933097E-18    -0.16627803310044031
751                       -0.635276041710839       516.0000000000001        3.749266141183933
752                       -0.7982699382111555      516                      -0.16941590361004707
753                       -1.5771658451287327      516                      0.04682990958254282
754                       -0.1621436306507274      9.965044839426324E-18    -0.0646505147795632
755                       0.11996301373426603      -0.15                    -0.010628710572616983
756                       -2.056891491621486       516                      -0.9308374412518904
757                       -0.1573518959850839      6.7084347678050544E-18   -0.01653591024163014
758                       0.11887465386684863      -0.15000000000000008     0.022790241389805996
759                       -2.268315227917559       516                      -0.5937251332839041
760                       0.05936976212841318      -0.15000000000000005     0.11403200144333879
761                       -0.06695726463999681     -2.5761506202198365E-19  0.006911641474980084
762                       0.004566289060507867     516.0000000000001        -0.7036429257547728
763                       0.09221977529723274      -0.15000000000000002     -0.023687428119512015
764                       -0.3692405000935222      516                      2.290035206252292
765                       -1.5587078296156869      516                      0.9993014762328073
766                       0.039634501702724        -0.15000000000000008     0.12244278563500806
767                       0.9455796785758103       516                      1.9128877953054904
768                       1.2358859764276902       516                      0.5097632841159635
769                       -0.6272226017922323      516                      -2.388179437156059
770                       -0.030531366547576304    8.019953235231549E-18    -0.16460614887332162
771                       -0.014794752425399845    -0.15000000000000002     0.1038586806374216
772                       0.04322470653866106      1.4520297479123487E-18   -0.154542242089799
773                       0.10650500330537994      -0.15000000000000002     -0.012415968236673623
774                       -0.1546482880359141      516                      -2.375326005226349
775                       0.07082830672253751      -0.15000000000000002     -0.050360905967615326
776                       -0.5900897107872795      516                      -1.8743010933901396
777                       -0.003727546599223891    516                      -0.8715899787423343
778                       -0.8741343306398964      516                      0.5621566189348113
779                       -2.971677462499295       516                      1.108145299087533
780                       -0.00445527956341388     -1.5197625264841814E-17  0.17150859892681364
781                       -0.9718875984710884      516                      0.9957658812107367
782                       0.06454864297274408      -0.15000000000000002     -0.07320955940784635
783                       -0.01318424396290998     -0.15000000000000002     -0.08303322378243691
784                       -1.38950157563294        516                      -1.4093544278585284
785                       2.4762148876296606       516                      -2.6135538755050067
786                       -0.08954253690513565     -0.15000000000000002     0.09994465240978476
787                       0.07045700715278179      -0.15000000000000002     -0.10783550955623103
788                       1.6758964240953567       516                      1.9039635269345478
789                       0.9812434190644287       516                      1.2934277286543827
790                       0.8306256585775244       516                      1.028816354740248
791                       0.003415397019253457     -0.15000000000000005     0.06626196485536927
792                       3.3677014908801697       516                      -0.4105794588950678
793                       0.06709696215540244      -1.463583271814364E-17   0.10776258556303148
794                       -0.03700150542700169     -4.518474096070914E-18   0.04582458722404982
795                       -1.1408609201113231      516                      -2.15146519169242
796                       0.13574349513272221      516.0000000000001        0.5405166160119603
797                       -0.8002326064806102      516                      0.5317085041731194
798                       -0.020567639758617674    -0.15000000000000005     0.1259858354887386
799                       0.031332291614871215     -0.15000000000000005     0.08246205848168765
800                       -1.7865232530054898      516                      0.7802895019959862
801                       -0.15022612721763529     2.859976967902093E-18    0.03884168115883065
802                       0.9535484354592553       516.0000000000001        0.862947302096358
803                       0.10470673263515996      -0.15000000000000002     -0.06839561101644873
804                       1.613143780341586        516                      1.4071609199413884
805                       2.3553284063639817       516                      1.2696377772916758
806                       -0.34213343694411297     516                      -1.400515894503456
807                       0.0030825990138627275    -0.15000000000000005     0.1055832853638379
808                       -0.29514381450166366     516                      -1.6158947669791341
809                       -1.5914083679878408      516                      2.491225684972248
810                       0.3206447965074043       516                      -2.5396074231669643
811                       -2.0229165128315496      516                      2.164774147760617
812                       -0.03876513244517414     516.0000000000001        -1.9311860862554913
813                       -0.03638920877156653     -1.0664012457033633E-17  0.14632942058355378
814                       0.2949356656457162       516                      0.34999171993002853
815                       -0.05786334282934328     -0.15000000000000005     -1.3797642392573026E-4
816                       0.49492118739243585      516                      2.3687898390809874
817                       0.11469629930549792      -0.15000000000000002     -0.04295257582717535
818                       -0.009661487550431246    -0.15000000000000002     0.08932759686034447
819                       1.247435427468519        516                      -2.511351205792358
820                       -0.024923646605905063    -0.15000000000000002     0.05339989172526361
821                       -1.3062902621638937      516                      -3.2850761961440864
822                       -0.020252719173927396    -0.15000000000000002     -0.11220338170688093
823                       0.04797068627924008      -0.15000000000000005     0.03452312039023822
824                       -0.10477461035251649     -0.15000000000000002     -0.022166428553334793
825                       1.328198635964013        516                      -1.6950095805586949
826                       0.05426469041268509      -8.223002469389648E-18   0.014632256832379698
827                       -1.4781596010123859      516                      -0.719468892222733
828                       -2.3756309775230764      516                      -0.2906726260684209
829                       0.021222591209082514     -1.1364420824954723E-18  0.0998971923962216
830                       3.4171501586611686       516.0000000000001        -1.694062970523056
831                       0.041824003244934        -0.15000000000000005     -0.08930610497813878
832                       -0.09740591252517325     -0.15000000000000002     -0.1251958265838883
833                       -0.0493163851357921      -0.15000000000000002     0.016677384694148277
834                       1.0820989495312436       516                      2.312790348946264
835                       0.09659605805011423      -0.15000000000000005     0.009482428250763704
836                       -0.0579995811410763      2.585536020595581E-18    -0.048387166002476244
837                       -0.10686228964147751     -0.15000000000000005     -0.06970231510857121
838                       -0.07885948881918077     -0.15000000000000002     0.09847227578050192
839                       -0.15680473195406233     -0.15000000000000005     0.014755191515248664
840                       0.026102711956416693     -0.15000000000000008     0.058632231662459317
841                       -0.1137173316124453      7.369087442859052E-18    -0.1229573768560692
842                       -0.017807409898010027    -0.15000000000000002     0.05683215784629622
843                       -0.04672084324217792     5.611076287676894E-18    -0.10099723023000445
844                       -0.020092663952406744    -0.15                    -0.00629324334013913
845                       -0.8935138244599977      516                      -1.9580853845386956
846                       -0.9097060151400594      516                      -0.58149358989392
847                       2.0352614640075988       516                      0.2070702131555757
848                       0.13426506520669013      -9.040866751497195E-18   -0.05077824586254144
849                       -3.863130949544641       516                      -1.6407342382084011
850                       -2.000821095838659       516                      0.6304395393044633
851                       -2.5644181014164844      516                      -0.7214705138037171
852                       -2.00613391123948        516                      -1.683253922016852
853                       2.8077662894556576       516                      -0.2644606315791193
854                       0.12428161296595022      -0.15000000000000002     0.020293265785431884
855                       -0.9845439797264446      516                      -0.010247518381647353
856                       -0.07721090546163503     -7.42560035888853E-18    0.13296059437947264
857                       -2.3396554280302753      516                      -0.3904456076211356
858                       -0.11803172090358625     -4.518680891224053E-18   0.12755139601786006
859                       -0.7980918386917333      516                      2.7858417939881415
860                       -0.6135561476889058      516                      1.4721484880519704
861                       -1.7462656731285826      516.0000000000001        -1.7325936070028292
862                       3.4029316261769775       516.0000000000001        0.307318523389666
863                       -1.574829861067027       516                      2.118408651456065
864                       -0.1040500214798045      516                      -3.5921029526157215
865                       -0.09035152184473157     -0.15000000000000002     -0.029951685693972066
866                       -1.435568483484889E-4    -0.15000000000000002     -0.0681735291869646
867                       -0.06088872244928608     -0.15000000000000002     -0.004168509582751583
868                       -0.2805578636385315      516.0000000000001        -2.3822411396047842
869                       -2.1058965276382686      516.0000000000001        -0.7502650442539891
870                       -0.05829330496210757     -0.15000000000000002     0.033909255185935426
871                       -2.563488852429787       516                      1.1867358899607376
872                       0.1025142270062744       -0.15000000000000002     0.016825260161791946
873                       -0.0012280571926336214   -0.15000000000000005     -0.14088365233737124
874                       0.06695234747373097      -9.098022043990887E-18   0.05169542538368741
875                       -0.11387002392770207     -0.15000000000000002     0.043278597434929005
876                       -0.07493229586509526     -0.15000000000000005     -0.029869941885065397
877                       -2.789452922956242       516                      -1.5632281383051634
878                       -0.024921736431124095    -0.15000000000000002     -0.044173347438283016
879                       -1.9022327756099997      516                      0.6262421855617601
880                       0.6568568218709554       516                      0.0741116759388587
881                       0.05732068525285495      -0.15000000000000002     -0.11440335637676681
882                       -0.03425210937718431     -0.15000000000000002     -0.12391875574953261
883                       -0.10559745252281466     -0.15000000000000008     0.06765692814376383
884                       -0.9692080436341719      516                      0.11266376258286642
885                       -3.62389250912871        516                      -0.301434395504107
886                       2.5467980121325815       516                      -2.9910992295589955
887                       0.059199866300867245     -0.15000000000000002     -0.0647018436779348
888                       -0.0690819532653476      -0.15000000000000008     -0.10685281956385084
889                       0.22067143351458013      516                      -2.4881735155594624
890                       -0.028000310292766107    -0.15000000000000002     -0.024621364193588926
891                       -0.034289292838491324    516                      -0.5546237771477528
892                       -3.2939745299056176      516                      -2.1585037546931436
893                       0.01625440080030331      -0.15000000000000002     -0.023309318856687748
894                       0.03818230275056026      -0.15000000000000002     -0.07757465576712429
895                       -3.036365057991599       516.0000000000001        -2.2376902038151822
896                       -0.6823512769929422      516                      -3.662095785992514
897                       0.0053386071444654236    -0.15000000000000005     0.12426007384083351
898                       1.154557665092583        516.0000000000001        2.9231736839507496
899                       2.7478697539689336       516                      1.8596550701268768
900                       0.0027095270380727405    -0.15000000000000002     -0.12645139046532514
901                       2.592909087422384        516                      -0.034082520890366334
902                       -0.02020626108465868     -0.15000000000000002     -0.12648367265624375
903                       0.10651637177699713      -0.15000000000000002     -0.01089035153873358
904                       -1.3363731586036036      516                      2.283271799586215
905                       -1.341624978832918       516                      1.3519591005268718
906                       -0.13622244545807435     8.129084405217841E-18    -0.08678063626559362
907                       -0.055112544817626584    -0.15000000000000002     -0.09855526960802946
908                       -0.8369438471837504      516.0000000000001        -1.5553316313090557
909                       -1.8000211461635645      516                      0.1181482676959843
910                       -0.15577573256662958     -0.15000000000000005     -0.01768488813684048
911                       1.0820186051738172       516                      3.444361280057398
912                       2.040250643107541        516                      -0.33165635420314676
913                       1.1624467895778339       516                      0.6080957490612969
914                       0.15518011922298397      -8.989798897226303E-18   -0.07229995573455114
915                       -3.7300881922958893      516                      -0.25652760791363255
916                       -1.8753200640685468      516                      -0.7568758795725787
917                       1.8275947995485033       516                      0.8644854669636978
918                       -3.0772372479966013      516                      1.7784715449935757
919                       1.1670162554102004       516                      -0.8589833724841179
920                       1.1335544232357184       516                      -1.6728570556330333
921                       0.05598508613679845      -2.7095334939940113E-19  -0.08569730224394309
922                       2.5167255986132226       516                      -0.07352058748454725
923                       0.07457207215595688      -8.519415269019261E-18   3.987982167661233E-4
924                       0.6239903644020541       516                      -3.5184073437080974
925                       0.031213685895064663     -0.15000000000000008     0.040790096606435296
926                       3.0490064882324996       516                      -2.4390550286981894
927                       0.020403304954917878     -0.15000000000000002     0.15712892485482427
928                       0.5437812315314597       516                      -0.3911617367630881
929                       -2.9368202727691624      516                      -1.0214591068083692
930                       0.06629929440413133      -0.15000000000000005     0.14227124389539494
931                       -1.730954518930595       516                      -1.3704821688079274
932                       -0.11929059943596172     -0.15000000000000002     -0.061311817383028516
933                       -1.0372022329412072      516.0000000000001        0.11057818193735132
934                       -0.08569293984010348     -0.15000000000000002     0.05311134254760134
935                       0.03748867579472836      -0.15000000000000008     0.05481896876881006
936                       0.009426722428522412     -0.15000000000000002     0.056356005153219084
937                       0.7774891195933176       516.0000000000001        1.4455943413488874
938                       0.03553023347398408      -0.1500000000000001      0.03799200736098259
939                       1.631733746474688        516                      2.488168521044647
940                       -2.3670930223178415      516                      -0.4201522686197022
941                       1.7038897391465          516                      -1.5960017037929113
942                       0.8818160615057324       516                      1.2936781162506106
943                       -0.08746255652304476     5.4975456312668325E-18   0.026281643705463074
944                       0.09528055526179202      -0.15000000000000005     0.02296646365470149
945                       -2.7978900156658595      516                      2.9221573699084646
946                       -1.91069960870918        516.0000000000001        1.9831582130716507
947                       -0.08183117420194289     -0.15000000000000002     -0.0947354968557984
948                       -0.0445889843700361      -0.15000000000000005     -0.07766051712494591
949                       -0.1087294177088201      -0.15000000000000002     0.05203826286851585
950                       -0.6866406099400287      516                      2.3912825124342993
951                       -0.046026328063538895    -1.0326692019913769E-17  0.15051226763258538
952                       0.5924388035975711       516.0000000000001        -2.771814910713839
953                       -0.1276190232978846      -0.15000000000000005     0.01788186261340862
954                       -2.54733588321786        516.0000000000001        2.9106209978162028
955                       -0.05553399208725421     8.046812998915853E-18    -0.14064812999906523
956                       0.3421883063362723       516                      3.289799620663763
957                       -0.049852580585770245    -0.15000000000000005     0.029980303182308956
958                       -0.047546167563706915    -3.8022600340241652E-19  -0.032430858479881856
959                       0.16189722618990243      -0.15000000000000002     0.005248123997093238
960                       0.11930581948615089      -7.718048639216638E-18   -0.05742225935439802
961                       -0.03598805480650263     -4.628489117540466E-18   0.04521604435788296
962                       0.4367838799409933       516                      -2.351036663991878
963                       2.64276198214108         516                      -2.101285578281963
964                       -1.8588354385812587      516                      -0.7430945614124835
965                       -1.1367618109297326      516                      2.5764283096075795
966                       -0.12481229349673795     6.046256129638048E-18    -0.03809230208200355
967                       -2.5477246105323785      516                      -0.5978291767254215
968                       1.431234374828589        516.0000000000001        -1.1674302040014861
969                       -0.02140414495401563     -0.15000000000000002     0.02062732180106492
970                       -0.035888477057462426    -0.15000000000000008     0.09422096936349592
971                       -2.983511048455542       516                      -0.03741735691510238
972                       -0.9038688323040595      516                      -4.242180469399884
973                       0.12514572699545184      -0.15000000000000002     -0.009689163336927336
974                       -0.8049347418316786      516                      -1.292144205235102
975                       -0.08657956306702726     -0.15000000000000005     -0.08284346920021608
976                       -2.8792984554554018      516.0000000000001        -2.4033034457406623
977                       0.7297569436258244       516                      0.6171557584765878
978                       2.8124820060471163       516                      -0.6016577138521759
979                       -2.1866828157785583      516                      -1.1642177074467852
980                       -0.05389923814896616     -1.8116898477521125E-18  0.019324639151462115
981                       -0.07161089551182132     -1.1566728277549626E-18  0.026339056780327063
982                       0.11206405289399471      -1.7344316621663352E-17  0.10701988871915087
983                       0.11294281059391409      -0.15000000000000005     0.02639816287815926
984                       0.3757103195700372       516                      -1.9057713572799664
985                       0.06806809818765555      -0.15000000000000005     0.08021717708657042
986                       -0.05517154426752805     -0.15000000000000002     0.08959189467194802
987                       0.11342380661513667      -0.15000000000000002     -0.039811491548388034
988                       2.652757353280335        516                      2.3964862219832628
989                       3.272938665208844        516                      0.9317799064147962
990                       -0.024858795561047687    -0.15000000000000002     0.033874461184460455
991                       -1.9538568135459966      516                      -1.2233090921736742
992                       0.9830970801533925       516                      3.0294269872177733
993                       0.01620859976172477      -1.5398794283287163E-17  0.1700173179265043
994                       -0.17244614034752556     6.979646611145878E-18    -0.0063079381841094516
995                       1.066672151185805        516                      -0.4434702949818679
996                       -0.40507059933510886     516                      -2.138182899497158
997                       0.7704859068990645       516                      -1.079137982570559
998                       -0.0634197184321483      1.0489998846559631E-19   -0.0024551679225286597
999                       -1.6642929493916967      516                      3.4727263983418775
1000                      -0.006218319669981644    1.256073136589129E-18    -0.07845665090367214
