1                         9.892453236881728
2                         9.866237468930468
3                         9.253365385156206
4                         10.006010880199067
5                         9.798520082228226
6                         9.906617120532562
7                         9.459949785304323
8                         9.168180654639157
9                         9.63445692967773
10                        9.727313455422463
11                        9.02624360675813
12                        9.22312235141633
13                        9.323519138099318
14                        9.873219885331041
15                        9.99263027392535
16                        9.70701770402942
17                        9.633395418292727
18                        9.979142060775024
19                        9.94956295197618
20                        9.864627675445975
21                        9.97261217212549
22                        9.613897028188068
23                        9.855699414207823
24                        9.8853768374928
25                        10.115136673931588
26                        9.721264489782952
27                        9.967337938409068
28                        9.711695129135165
29                        9.3436126400843
30                        9.916984081226108
31                        9.854852908011935
32                        9.830912324415541
33                        10.016097414209618
34                        9.72740935347083
35                        9.980151482160734
36                        9.436517508728596
37                        9.437754127448205
38                        9.67597648174333
39                        9.626378858138944
40                        9.918492595514817
41                        9.59217721012414
42                        10.10593869962822
43                        9.835460812281116
44                        9.784049708479436
45                        9.579296550296526
46                        9.206180458417505
47                        9.685867740385689
48                        9.846774546321903
49                        9.974080025762188
50                        9.57391025393674
51                        9.326299473214009
52                        10.117564799933785
53                        9.88266528416573
54                        9.831330783623466
55                        9.989796152916236
56                        9.761237281973264
57                        9.10206686648594
58                        9.77001800360887
59                        9.196612643299925
60                        9.682733115240728
61                        8.869291822261994
62                        9.666610035175328
63                        9.771522894499277
64                        9.83768453361403
65                        9.574938213635201
66                        9.574229043791226
67                        9.779201762362883
68                        9.894833735836999
69                        9.099460028676448
70                        9.630995499948867
71                        10.016816013471672
72                        9.932664254631234
73                        10.10559097207364
74                        9.973284262126695
75                        9.944600328408916
76                        9.895941162247123
77                        9.595092138258254
78                        9.41864307448712
79                        9.968614413944211
80                        9.981114428786773
81                        9.431213683786305
82                        9.50549885500668
83                        9.769958155709112
84                        9.633614428001728
85                        9.110904493419861
86                        10.010762298011848
87                        9.46853095279229
88                        9.811969394173659
89                        9.227199867937502
90                        9.423381888754939
91                        9.73277764571322
92                        9.131003540982066
93                        9.525434952228082
94                        9.266701901268172
95                        9.455030788090879
96                        9.676191021082257
97                        9.870469644378199
98                        9.52773460715079
99                        9.097923169117754
100                       9.13490313634627
101                       9.880933819218683
102                       9.411174634375039
103                       9.752515195198821
104                       10.010755199622762
105                       9.566266478446858
106                       9.445436989028538
107                       9.872601425654087
108                       9.624570681780249
109                       9.539417153764152
110                       9.739012439755436
111                       9.524715018974279
112                       9.364939206552709
113                       9.212816363512571
114                       9.990403424244946
115                       9.12794458884644
116                       9.449413923979966
117                       9.226539144829351
118                       9.850447285500769
119                       9.286409954066572
120                       10.00395324494954
121                       9.730767119131965
122                       9.908060329772761
123                       9.586231935069485
124                       9.974289645557322
125                       9.964337229120277
126                       9.999987967395583
127                       9.890472065990354
128                       9.781235193470756
129                       9.691216072732495
130                       10.012121600416787
131                       9.827198287743938
132                       9.982588090251292
133                       9.3853462149489
134                       9.973433134792659
135                       9.832872628381823
136                       9.830822595665584
137                       9.94822752156416
138                       9.78619766359631
139                       9.904471349620108
140                       9.905580565990208
141                       9.220126989754997
142                       9.782240877924256
143                       9.855957832991795
144                       9.964780990189833
145                       9.391333544282139
146                       10.098712529134131
147                       10.01349597304773
148                       8.950719285180757
149                       9.652544559542104
150                       9.733470412662177
151                       9.110278657367397
152                       9.876127329248147
153                       9.35168155005349
154                       9.773831147733816
155                       9.68597376807721
156                       9.953105579460559
157                       9.776764428442165
158                       9.999782186613823
159                       9.977467448123852
160                       9.612846599903214
161                       9.73688947124804
162                       9.887338844733602
163                       9.866658325895928
164                       9.555082741968448
165                       9.808908469255398
166                       9.977838084811063
167                       9.814858818387457
168                       9.322621162781086
169                       9.90199003023605
170                       9.860064692328281
171                       9.604929488095861
172                       9.524207003597514
173                       9.845367249679642
174                       9.903857037727542
175                       9.159204198655738
176                       9.340884845950784
177                       9.939698127840042
178                       9.719152828108317
179                       9.436207158448958
180                       9.681339015504555
181                       9.566044869099855
182                       9.512959834741446
183                       9.725718551501558
184                       9.682089584422807
185                       9.737165921822998
186                       9.62488113317829
187                       9.926979306712301
188                       10.013338374675877
189                       9.957809709810517
190                       9.967710426525896
191                       9.959584001571608
192                       9.558890196772511
193                       9.835273051365153
194                       9.82156531917404
195                       9.880702325204894
196                       9.404573989363161
197                       10.00127639393544
198                       9.980064791249044
199                       9.949096626769292
200                       9.993373215757195
201                       9.662102791031831
202                       9.502861643563556
203                       9.95784453596647
204                       9.867085085720582
205                       9.819487456483714
206                       9.775885973336516
207                       9.719970540167305
208                       9.760401494326809
209                       9.449946276032756
210                       9.912209437552622
211                       9.580449689395529
212                       8.88769196956203
213                       9.304599290972584
214                       9.160039582600039
215                       9.576346394188834
216                       9.755150095092288
217                       9.816106303444363
218                       9.9973568928145
219                       9.583713440631215
220                       9.57531760654391
221                       9.296911668321506
222                       9.789051710182195
223                       9.889884795633549
224                       9.62015399661441
225                       9.217919354320866
226                       9.199235123597965
227                       9.689566042975306
228                       9.323723121505102
229                       9.815928671554095
230                       9.83522812669644
231                       9.462954641007196
232                       9.863321665756594
233                       10.101805487227132
234                       9.512114725730136
235                       9.845455444288904
236                       9.798909353433373
237                       9.4294628882887
238                       9.137023379078968
239                       9.88637697459126
240                       9.838917556676625
241                       9.710634907263227
242                       10.11983873954121
243                       9.827331151180397
244                       9.30268653770525
245                       9.997284104906738
246                       9.981999512428706
247                       10.007953272010251
248                       9.417765392039515
249                       9.24740098086487
250                       9.834027216459088
251                       9.874404080779065
252                       9.481864776393616
253                       9.538741227780038
254                       9.629368284474193
255                       9.878688221397184
256                       9.460503161275938
257                       9.50462379589599
258                       10.121464466600791
259                       9.354307748302697
260                       9.815588642071855
261                       10.018415226091543
262                       9.979064669038715
263                       9.45335160302086
264                       9.757820842915278
265                       9.73666114997036
266                       9.576523291767847
267                       9.504150652262908
268                       9.761758563482688
269                       9.910938790511397
270                       9.955587106661428
271                       9.769964640116171
272                       9.816250944512642
273                       9.966355477680938
274                       9.769048852044213
275                       9.773657918551097
276                       10.111297016683494
277                       9.887660889545629
278                       9.666307602660408
279                       9.350935283203262
280                       9.103034703543539
281                       9.690400922153204
282                       9.38325281593391
283                       9.89265287667996
284                       9.391011621184056
285                       9.184970885604548
286                       9.985118540038993
287                       9.81149408471697
288                       9.815053259984328
289                       9.662083346383751
290                       9.243916219962323
291                       9.75634646407522
292                       9.77053657380874
293                       9.998571139909318
294                       9.06824954508486
295                       9.93735665268318
296                       9.620596882491894
297                       9.293784202796134
298                       9.896296800550966
299                       9.788108101937057
300                       9.988455323192765
