1                         1.4778581554945158       1000                     0.5769280290524237
2                         -0.915089739492546       1000                     0.5547719379488031
3                         -2.162335644888309       977.690979230595         1.9069920005091883
4                         0.6205359864293246       1000                     0.9684277030158096
5                         -1.0956531927592883      1000                     -2.10869805638428
6                         -1.6380484021907182      1000                     -1.7727070124846238
7                         0.8452047051055701       987.1156011408555        1.9732233308007405
8                         2.4919868579375533       973.2224292054774        -2.239294139232801
9                         -1.1662382063742749      995.8467951314146        1.9455654997164797
10                        2.3209572563851673       1000                     -0.9712087804840122
11                        -2.996574910342504       966.6117244808496        -1.2291498407854868
12                        -1.2488442547331817      976.0395535467632        2.61207399331589
13                        2.156397069058022        980.8376820248645        2.4731716925735525
14                        -0.7842313818985012      1000                     1.5046273153249852
15                        -1.5593037554003004      1000                     -0.512858058169191
16                        -2.079391835086379       999.5545748453702        0.7830213760934577
17                        -0.9429351962811752      995.4425534808897        -2.28125963002756
18                        1.1636258290664265       1000                     -1.8112139807642698
19                        -1.47336360311327        1000                     -1.4146366073040315
20                        0.9196828576504091       1000                     1.7481406129132178
21                        -0.9027631447655511      1000                     -0.6481190229474525
22                        2.1122405351049998       994.5347673683107        1.4128777779034478
23                        -1.8211764288402557      1000                     -0.13720923573698798
24                        0.7554337228874517       1000                     1.3986157835119277
25                        0.11194482597746123      1000                     0.3168258863471177
26                        -1.8654299942556583      1000                     1.0476436582650772
27                        0.9017698065673758       1000                     1.543614799812382
28                        -1.4855534476216887      1000                     -1.323314969596756
29                        2.6023835238214583       981.5812968328898        -0.23465318491264175
30                        1.0339816998997766       1000                     -2.3289173423111715
31                        0.6867909317974433       1000                     -1.7672324184380725
32                        -2.1061197604021302      1000                     0.24284174325377333
33                        0.4772438330831951       1000                     -0.28056854945977716
34                        -1.125842978771595       1000                     -2.0093020841697147
35                        0.43839336286301506      1000                     -2.3012124200061144
36                        3.2354236224600212       986.6789064648996        0.20660835390136692
37                        -1.9074822538365996      986.6600371394272        1.6809614401472164
38                        2.453002432197673        997.6386205212416        0.2534769790167659
39                        0.6882731204970789       995.8508303875508        -3.1216360401418104
40                        -1.7878057196706043      1000                     -0.4449760233252199
41                        1.0090975695063007       994.2969050169063        2.2428055241515525
42                        1.4147816243658302       1000                     -0.8509613394885801
43                        0.16497123489165422      1000                     -2.305422528721126
44                        -1.7314393109909347      1000                     -1.3482981323732697
45                        1.148705923914243        993.6462311126553        2.375310629364526
46                        -1.0183326979721417      975.0342841522679        1.8017550866378333
47                        1.4549734880634362       998.4619204443505        2.045485265629598
48                        -1.8038932722683745      1000.0000000000002       -0.7237478349121723
49                        -0.49924994938269174     1000                     -1.9908201268586485
50                        -2.486353728790907       993.074497936882         -1.5939735769137675
51                        -1.8489111684401698      980.9214498611117        1.4361516808250454
52                        -0.22334965775266774     1000                     -0.24842130055008263
53                        -0.6435117525292041      1000                     -0.6427309914354272
54                        0.14743260251052775      1000                     2.005855996798168
55                        -0.22013450218595979     1000                     0.8903910357411532
56                        1.8527903478024816       1000                     0.9056535612281154
57                        -2.5314759257376913      970.1945540264471        -0.4683503678256894
58                        -1.2923918509257233      1000                     0.6655040220739507
59                        -2.549743242478596       975.0340812313079        -1.9360929276081962
60                        -2.0125756386478346      998.7493762797726        0.6294388515014703
61                        -0.8346061854872013      958.8029710893253        -3.581645790317765
62                        2.3111851820193006       997.4210517981102        -1.7245863764403588
63                        -0.8622969023866265      1000                     -2.6458616267143924
64                        -1.93454706865091        1000                     0.24188868797039462
65                        1.7694763447568014       992.9036135017786        -1.9387231041999846
66                        -2.2046063288832864      992.8686702696939        0.09970580599181678
67                        -0.154733502910771       1000                     2.524036409278429
68                        -0.5806656718305347      1000                     0.9851804349178188
69                        2.8112579727821827       969.9191731242161        1.2981758587279242
70                        1.2556653221466305       996.3221873794982        1.8204711338313935
71                        0.22352546018743338      1000                     -0.6053171771858871
72                        2.129109173866852        1000.0000000000002       0.653715708907416
73                        -0.8398040735044778      1000                     -1.1863481851718292
74                        -1.304538669444586       1000.0000000000002       0.9987487476826079
75                        0.7125889177653395       1000                     -2.358616334316787
76                        1.6387246387718317       1000                     0.25149294685048273
77                        -1.8324959841965494      994.7502884768353        -0.4262021430413563
78                        -0.19649891404282116     985.5440567119623        -3.4539145229223998
79                        -0.6122967995243569      1000                     1.377051215476211
80                        1.4477211054096557       1000                     -1.1552526657679452
81                        2.9746896018330697       986.3714134725892        1.043434886272369
82                        -0.3883577564891577      990.1362117894868        -3.0661113780376352
83                        0.501545617197516        1000                     -2.8229622706631434
84                        -2.5008678735183176      995.8727262301436        0.6912330541632349
85                        1.2090639689118008       970.4723789326231        -3.449483029214419
86                        0.6272135393309869       1000                     -1.7111955844238835
87                        2.8326989356421683       988.4423923398684        -1.3141309037643782
88                        -2.23654288915787        1000.0000000000002       -0.34563960695896745
89                        -2.2496881951702843      976.351065215866         1.279662717607418
90                        -0.03537763345256044     985.725283174361         -2.890332471498391
91                        2.436002364683835        1000                     0.49523046529948234
92                        2.8746060087904195       971.4483480089852        -2.3416793831005696
93                        2.9434507579566866       990.5163185062081        0.18513872969338455
94                        1.4171927507945952       978.1194585630667        -3.375716871217899
95                        2.313710822677574        986.8783901985361        0.6905465134059977
96                        -1.4356247971904628      998.0378633245988        -2.1460043955054977
97                        -0.926098764136103       1000                     1.3768895317391954
98                        0.9312505091019628       990.4842723413979        -2.4668656722681153
99                        2.051932199840203        969.8073681844734        -2.276459203230322
100                       -1.0565838906612095      971.6529474936972        2.9007328648894823
101                       -0.41450534236232955     1000                     1.0474916582076548
102                       1.4435980740084213       984.9883263844097        1.9437095076211757
103                       -0.31333964834741596     1000                     -2.937090712057138
104                       0.6933428900367506       1000                     -1.0825339216010066
105                       2.6346701097935465       992.9856148800844        -1.5565553923072146
106                       0.4035194262576575       986.7787182009397        -2.7975570039778885
107                       0.9482219065073838       1000                     1.3656918484311613
108                       1.500781534850895        995.0326180978467        1.5810003323645967
109                       1.693352871085709        991.729291837194         -2.6533582049208193
110                       1.2498096005965027       1000                     1.7990085792113233
111                       -1.6479938542493793      990.8890280881709        1.7400909996492004
112                       -2.7879774476548334      983.2287319380085        0.5517378214070731
113                       2.8541285194085777       975.3245470592688        -0.23063140169561466
114                       -0.1687199194695464      1000                     -2.021384982765804
115                       -2.4960285410432292      971.255467334599         -0.9536887301383462
116                       0.16241709190897163      986.6105941088707        2.0127694643518437
117                       1.7209271270001179       976.0073094618582        1.5535278830198869
118                       0.10931594227394639      1000                     -1.8050148174145375
119                       -2.0291243886839907      979.1211431429467        2.0833961565700743
120                       -0.3678453065243622      1000                     -0.07441682364420482
121                       -1.3284282694597638      1000                     1.8982016856992212
122                       0.347311991679574        1000                     -0.9579337429487751
123                       2.7058352060938002       993.9132877503733        -1.010558322987751
124                       -0.3638449456158086      1000                     -1.383317900262875
125                       1.9673491090919584       1000                     0.9948276841247528
126                       1.0572774398646465       1000                     0.9627906980064911
127                       -0.5609948287385331      1000                     -1.92302364695669
128                       -0.7752923192669726      1000                     1.3204677877423108
129                       1.1980620607497257       998.8513655860377        2.3344547634543127
130                       0.6067925836947624       1000                     0.40085861073245876
131                       1.7675424845874834       1000                     1.1982682177015151
132                       1.6815122704626675       1000                     -0.7744872736053293
133                       0.341863736261456        983.7536038479172        2.5720621348804107
134                       1.5462537025566476       1000                     -1.7554845201120246
135                       -1.6335286929955208      1000                     -0.3990145510532441
136                       0.4075588221085086       1000                     2.0371552128824857
137                       -0.9699397747066073      1000                     -1.2915613607482619
138                       -1.1518230677889951      1000                     -0.7535167044910214
139                       -0.35278433490834343     1000.0000000000002       0.909726925534495
140                       1.3131754022266675       1000                     -1.203673486942754
141                       2.627351211958484        975.6823021730938        0.506412539644701
142                       0.05743493923223325      1000                     -1.3044275142304274
143                       -0.02540339303911922     1000                     1.518077538541953
144                       -1.3681235253926909      1000                     -0.8859334457448913
145                       -2.141199683288064       984.3884846622682        -1.7416865907637344
146                       0.41246817670042063      1000                     -1.4429972136269285
147                       -0.07229368906738955     1000                     -0.25749433007285105
148                       2.831506864628802        962.7351095435421        -2.061299693436678
149                       0.5636450611189843       996.693397210578         2.319332909439505
150                       -0.026328065382679938    1000                     -2.446541406970569
151                       2.840767806860818        970.4073863613197        -0.7118825867973941
152                       -0.4959147536250064      1000                     1.3377004528174548
153                       -2.3122516973886365      982.146264179992         -0.6591696740833674
154                       -0.7110177547368265      1000                     0.9604250067984677
155                       -1.7925964104090166      998.1022443016079        0.6707118484911215
156                       2.5818457633319327       1000                     -0.682543737062588
157                       1.2741535908938741       1000                     1.1289324701559489
158                       1.5223225816744455       1000.0000000000002       0.2668963658240174
159                       1.5309232346406703       1000                     -1.102563457599386
160                       0.6511666388904261       995.1593943490022        2.2786532280471135
161                       -0.5633518371391212      1000.0000000000002       -1.653852882606482
162                       0.20604277617581598      1000                     1.5576214644289503
163                       -0.7111744047663002      1000                     -1.7452354075789114
164                       2.651386500431078        991.9795623984214        0.43737319686499565
165                       2.6310446500824787       1000                     0.9730583397498983
166                       -1.7555696967017225      1000                     -0.7538737010719129
167                       1.4273143527597036       1000                     -2.153994902516922
168                       -3.00544016604783        980.9931594640183        0.016889604317197486
169                       -0.01313950739354879     1000                     0.17429139085513812
170                       1.7557178766599097       1000                     -1.5874581162218981
171                       1.919350995176507        994.5403382215427        -2.694786858560204
172                       0.7305373687381103       990.3101639291472        -2.599901992519219
173                       2.6326952532079084       1000                     -0.21544181905458518
174                       0.3496988887155217       1000                     1.039400904838969
175                       -1.0211631316266816      972.763552554144         -2.7602742560581808
176                       2.151396794276508        981.5884716977656        -2.484122358064015
177                       -1.0662293093713162      1000                     1.4259397456431737
178                       -1.6146894550602935      1000                     1.14123589731419
179                       2.369214775011268        986.3734983113411        1.5399939222646886
180                       -0.541309982229814       998.0991057395598        -2.5709692503590835
181                       2.352873914283082        992.454207953959         -1.4750963359980462
182                       -0.7917932003665069      989.7949600633526        1.7621984004666873
183                       -0.21777712446914554     1000                     1.821097434700002
184                       -1.1319126096462362      998.7931109151124        -2.0705015309625114
185                       -1.4838773409753194      1000                     1.3756499466698364
186                       2.3126290431837124       995.0514407400104        0.6052474746809546
187                       2.2698344783822213       1000                     0.5283569283126699
188                       -0.0012024260526966556   1000                     -0.13652649483803053
189                       -1.1807656855135737      1000                     -0.9859243694696007
190                       0.6737872923065675       1000                     -2.2663071140963753
191                       -1.6370678381701096      1000                     0.2108740706161962
192                       -2.031853985393712       992.5439182890977        -1.3532956453849678
193                       1.05273879013037         1000                     1.9237216926316625
194                       2.399452410322656        1000                     -0.25686214338578667
195                       -1.2043479256709535      1000                     -0.8642196977090003
196                       -2.448289477805988       985.4282199241302        -0.9346742491922707
197                       -0.15699919058301465     1000                     0.40873389290212353
198                       -0.28404140563902486     1000                     1.4249051547334277
199                       -0.8366620876343945      1000                     -1.3725944749566013
200                       -0.250279150104846       1000                     0.6748240143099697
201                       2.4850783145310507       996.957110973257         0.6064563626438562
202                       2.7270713386642504       989.2863614150103        -0.8079345121595801
203                       -0.5639429307182365      1000                     -1.4719254042723415
204                       2.076741600066886        1000.0000000000002       0.18488607375161514
205                       1.0254343674936706       1000                     -2.5223955323249583
206                       -2.1434079733260547      1000                     0.2264447536661319
207                       0.4161919692637392       1000.0000000000002       1.999306253025048
208                       1.3112039655492653       1000                     -1.3789967512229047
209                       -2.16538324056313        986.6305162992585        0.8189996668757599
210                       1.0069803676446396       1000                     -0.4164589028308986
211                       0.14658417315674935      994.0129179346267        -2.617195720156033
212                       -3.08624235024079        959.7292565214731        -0.546948530949765
213                       -2.2338340844237856      980.1994979130961        -2.3535215021093956
214                       -2.1917778705968036      973.0028244224258        -2.387769726761059
215                       -1.1942595825146938      993.7304139508185        -2.094874896109844
216                       2.193953933167698        1000                     -0.19905867391089796
217                       -1.357317235692255       1000                     -1.545688809528565
218                       -1.5487495981535155      1000.0000000000002       -0.10605962971686436
219                       1.8533793973132855       993.3119014342528        -1.80477966172802
220                       -1.8399982487771034      992.9208618149761        0.5788027554521341
221                       -0.6711683312659877      979.7713665571681        -3.443461805860125
222                       1.8836964689350877       1000                     -0.6381651031491604
223                       -0.0895240791350221      1000                     1.224161401673394
224                       0.9854080164119123       995.4313806771667        -2.5578445838690382
225                       -1.5511609554777939      975.5971155877509        -2.176492627287912
226                       1.4943619031305682       974.7983534014373        2.5853954823931664
227                       -0.7811199518896462      999.027177968862         -2.301164467901193
228                       2.85541691159344         980.6536825284459        -0.4411337283509602
229                       -2.1633492162337107      1000                     -0.03212269952948408
230                       2.467305709629932        1000                     0.7775786273832146
231                       -1.595938924825351       987.5666281924762        1.8362421884432334
232                       2.1384252774268933       1000                     -0.024562466045981203
233                       0.06473700045973117      1000                     -1.3174316021076793
234                       0.8061013605170894       989.9580174855907        2.7582641456940826
235                       -1.6138943106784873      1000                     0.9326354307780363
236                       -1.1736024737555308      1000                     -2.051995298382044
237                       -0.4218130659911506      986.3816620247237        2.476787782675101
238                       -1.9693130642227663      971.7267087875487        2.295100444560204
239                       0.31023123715566975      1000                     -2.183749923313068
240                       -0.5675497704788703      1000                     1.8985571412876907
241                       0.5871524414377176       1000                     -2.389795853871566
242                       0.7653951569699827       1000                     -1.0097371390646652
243                       -0.5407399701976979      1000                     1.7096077138777406
244                       -2.8688512970235363      980.0435128745753        -1.291624667475683
245                       1.006652113081753        1000                     0.9240751173971635
246                       -0.8012526942309739      1000                     0.8878107301565612
247                       0.907317825150295        1000                     0.9142353593711348
248                       3.320422724217829        985.7429928154106        -0.28438970545278597
249                       -1.414384461218123       977.6232294157317        -2.8552313341910236
250                       -0.2972614176223738      1000                     -2.393421663098941
251                       -1.270378526627511       1000                     -0.5387487927092467
252                       1.1368897060146794       988.7560399558787        -3.1516871551862917
253                       -1.6374976413184628      991.5749530703313        -2.160853355456357
254                       -2.2742652374883994      996.001501737675         1.0146437896443283
255                       -0.9301083690972324      1000                     1.0586335611253566
256                       1.5022919970031812       987.125717294508         -2.2054222049370633
257                       -2.3458136850646842      990.1534745443099        -1.3426743729556658
258                       1.0177466062529983       1000                     0.2961710528965858
259                       -2.766438458174083       982.7597729183034        0.6024640360186702
260                       -2.1076224430602104      1000                     0.42780854609774793
261                       0.8818913438018263       1000.0000000000002       -0.6835260908643261
262                       -1.3134078364922546      1000                     -0.11872039414077563
263                       0.4501631162541777       986.7882359454444        -2.642246841323991
264                       -0.37153618605890654     1000                     2.360599993057191
265                       -1.0517979557174333      1000.0000000000002       -1.147874066218335
266                       -1.9906489856552392      993.8470220108322        -0.13852110721529798
267                       0.8188140829293683       989.6741813562437        2.704688901933637
268                       -1.6286655705800017      1000                     -1.124838573510169
269                       1.0881370872282645       1000                     -0.11762666787197551
270                       -1.620486815437694       1000                     1.1270851094400012
271                       -1.1598024052404678      1000.0000000000002       1.1745359460115983
272                       2.673787584589515        1000                     0.4818122708115375
273                       1.3700914151109589       1000                     1.5783367105708697
274                       1.213909877188645        1000                     2.2001926740815727
275                       -0.4460843448365727      1000                     0.746534710829372
276                       0.22687535899270797      1000                     -1.2032308853720608
277                       -1.04090362347174        1000                     0.5511975455089275
278                       1.747449752992127        997.5422926957125        -2.6324020562665806
279                       -2.8736613073751576      982.5782586985508        0.22423657212098239
280                       3.4983666793608794       970.2839945697987        -0.8695350611316899
281                       -0.39342629442939814     998.5027339391343        1.8994534502822864
282                       1.6813231637031765       984.090644836065         -2.9276053281912664
283                       1.5935168397940338       1000                     0.30639100047989065
284                       0.9766350003990829       984.1595731609535        2.382213804057352
285                       3.3317117416648          974.0885718932687        0.9100689867770725
286                       -0.778713579577498       1000                     -0.232818135611018
287                       -2.092497324156539       1000                     -0.9128267770386608
288                       -1.1473876351162577      1000                     -2.1308394552350447
289                       -2.238634518976132       997.3795848653463        -0.20092123251626196
290                       2.788709619337113        977.1211467951264        -2.1604352087693495
291                       2.439122979488974        1000                     0.9021688482576242
292                       2.9413263908339777       1000                     0.1707699052942531
293                       -0.3966501555440418      1000                     1.1108187736952315
294                       -1.7233021388742098      968.5202224699981        2.057435795367016
295                       2.3873608354701963       1000                     -0.8107524863208326
296                       0.4260122071908266       995.5486027089106        -3.125362924615559
297                       -2.8249712012706336      979.6244490537708        -1.4940911424128396
298                       0.9973276158541137       1000                     0.7852917162383076
299                       -1.8385130234960043      1000                     -1.3489361723006634
300                       1.3443143022228405       1000                     -1.141311710815049
