1                         2.0027241485727387       1000                     0.2591998693927182
2                         -1.1163609776200094      1000                     1.2874866711985196
3                         -5.348925341726689       1000                     0.9278726743136394
4                         0.9963260924975724       1000                     0.5459019481343478
5                         -1.8849651844812412      1000                     -3.5038534169715088
6                         -1.0028445424114736      1000                     -4.075054406187746
7                         0.6473074355944466       1000                     4.318844538605346
8                         5.9127612688644104       1000                     -2.5272795521695093
9                         0.029967539498955052     1000                     2.039132852954932
10                        2.6554114404155142       1000                     -1.0362414061525467
11                        -1.3879130578330428      1000                     -3.778460947808053
12                        -4.77194577985371        1000                     2.3883825995873393
13                        -0.7459315561494655      1000                     3.8540370888396733
14                        0.04338120431207138      1000                     2.407059637377208
15                        -1.3287036090607192      1000                     0.23712982925807224
16                        -2.016045891015062       1000                     -1.373553136807558
17                        -1.6012559934196418      1000.0000000000002       -3.62505163828476
18                        0.23301011729326274      1000                     -1.464983130255055
19                        -2.113206933351534       1000                     -0.1999967077119608
20                        2.109084319500896        1000                     1.9424939217733936
21                        -1.4637794396539847      1000                     -0.43871555593454337
22                        2.8205262418397776       1000                     4.334581022074556
23                        -1.6065505954138692      1000                     0.04263797417908196
24                        1.7844992480247117       1000                     1.0585792233979932
25                        -0.08732766396386099     1000                     0.4325354868354047
26                        -2.2521462509477286      1000                     -0.9336264557148718
27                        0.6676104733344959       1000                     1.9875120644351703
28                        -2.021874652901122       1000                     -1.4712662115638027
29                        4.032544484025809        1000                     -1.057627548084356
30                        -0.23601156354262653     1000                     -2.5686449955148682
31                        -0.23215834881534797     1000                     -1.9184930036211536
32                        -2.032360039013165       1000                     -1.7167348693786209
33                        0.2397755722173813       1000                     -0.20285890420567718
34                        -0.5878901017453053      1000                     -3.2467919921534616
35                        0.12957511092188212      1000                     -1.9517598508267497
36                        1.5775140235621892       1000                     -0.46742138477482564
37                        -3.9676368542204594      1000                     -0.6803366681320798
38                        4.759802698835391        1000                     1.358973454323078
39                        0.8123104212965193       1000                     -0.9456788617132559
40                        -2.398191090626503       1000                     -0.38198113183753246
41                        1.6584756076361498       1000                     1.2627579681163497
42                        1.5660712965589805       1000                     -1.2090337849561323
43                        -1.1515495691607371      1000                     -1.9706693466425735
44                        -2.5825365423634254      999.9999999999999        -1.091145679555591
45                        0.7683647641865422       1000                     0.6463837545621178
46                        -0.8711168924151217      1000                     2.7616343620076664
47                        2.013180967525001        1000                     1.2797407464267008
48                        -2.288331502240162       1000                     0.6172054095638125
49                        -1.6110289149179409      1000                     -1.2472225245775634
50                        -1.4480641056930643      1000                     -5.074656619724407
51                        -0.6470117417363532      1000                     1.8331247096339027
52                        -0.3676583054881076      1000                     -0.12701857431778135
53                        -1.0374700609819885      1000                     -0.5704065487204873
54                        -1.3079190190612793      1000                     2.268784378666948
55                        -0.16485095458455032     1000                     1.4304053919398687
56                        1.9621039676601975       1000.0000000000002       1.3739146099873263
57                        -1.6453017888874624      1000                     0.44617393131900024
58                        -0.7783800612476335      1000                     0.9091219190227219
59                        0.2856182452778272       1000                     -2.649818214686156
60                        -1.7773538768183135      1000.0000000000002       1.829740699153188
61                        1.9326285386283082       1000                     -4.645339985440505
62                        4.643679660072033        1000                     -0.3172574542739497
63                        -1.3213260486732423      1000                     -1.6967262794408138
64                        -2.4528053042545657      1000                     -0.7297625378182985
65                        3.6422124142539167       1000.0000000000002       -3.6151357751982833
66                        -4.910845230208235       1000                     -0.9639308497888961
67                        -0.6861536684199218      1000                     0.3743166433706902
68                        -0.1053383724294187      1000                     1.7346980311031919
69                        3.2994720024457376       1000                     4.56855623554251
70                        2.304926642948935        1000                     2.207819978775654
71                        0.042551388792965425     1000                     -0.43116478031050326
72                        2.5606106630570626       1000                     1.1227747747213193
73                        -1.2885872660402877      1000                     -0.3317839779676638
74                        -1.281132668962115       1000                     0.8133236376264034
75                        2.2842313327029475       1000                     -2.1780984379342216
76                        1.2025280342102502       1000                     0.14000791883406757
77                        -2.4649189711619104      1000                     -0.16329154408674906
78                        1.392788089866931        1000                     -6.373852272032205
79                        -0.3311098836572778      1000                     1.1495732502856817
80                        1.3102241173759346       1000                     -1.816050010500841
81                        0.5871347255946093       1000                     2.371127296915527
82                        1.5491578463827913       1000                     -1.4273200906241457
83                        3.0965518890976367       1000                     -2.4109354844458144
84                        -3.5777137275676365      1000                     -2.3516986520642296
85                        4.15914406833546         1000                     -4.749722692147703
86                        0.16820375780931943      1000                     -1.4144780486255362
87                        1.3070611375866386       1000.0000000000002       -1.2386734090391074
88                        -1.3959821370364593      1000.0000000000002       -2.2877909407854533
89                        -0.4556167458877726      1000                     0.6013449363483178
90                        -0.6551357577532386      1000                     -2.3835955395022017
91                        3.39182911239428         1000                     -0.054341485283617326
92                        5.608368413790399        1000                     -0.6884238721841129
93                        2.161680193602445        1000.0000000000002       -0.841530634871528
94                        4.850606227060463        1000                     -3.959095498748788
95                        4.443854334574858        1000                     2.0431543797475125
96                        -1.674999219981067       1000                     -1.2534040972662237
97                        -0.9216952293729227      1000                     0.9765422556583293
98                        1.7483407090459333       1000                     -4.779892878265925
99                        1.491456683030217        1000                     -2.870355030400405
100                       -3.1214241074621856      1000                     0.6382560476451534
101                       -0.31542896559426553     1000                     0.8027075817877886
102                       1.089365630890918        1000                     4.874188179986282
103                       -0.7697173969889374      1000                     -1.4327363963184059
104                       0.5800860705607114       1000                     -1.1743615020843323
105                       2.0877125487407033       1000                     0.6126594356601051
106                       -0.25572848371908097     1000                     -2.8133571316668022
107                       0.9181359462620188       1000                     0.7995422917638441
108                       2.5566591868754514       1000                     3.2047324431557644
109                       1.777528382508549        1000                     -0.4209705461846564
110                       2.2782656192488906       1000                     1.7356964046815115
111                       -0.12306103410406706     1000                     1.703967752304158
112                       -2.1432366459973635      1000                     -2.673106284413667
113                       3.146682986833218        1000                     -1.2452444009578814
114                       -0.904468306853328       1000.0000000000002       -1.2195181797849401
115                       -2.0304708193544174      1000                     -0.07196556306459463
116                       0.03421257306335189      1000                     3.7393455245236886
117                       3.1561188193384053       1000                     1.9898117309516405
118                       -0.7268706359855964      1000                     -2.013887389654936
119                       -1.7579296478007098      1000                     -0.6649885762250232
120                       -0.5832166274952191      1000                     0.022077849904425875
121                       -0.016634577566467162    1000                     1.9588291295771725
122                       0.1738608970924758       1000                     -0.9210932984869062
123                       2.3679527819964723       1000                     1.1440849043866645
124                       -0.9356732423087685      1000                     -1.2565112988368072
125                       2.1146070149996623       1000                     0.8534361739989554
126                       1.6728961128340367       1000                     1.0979835653004582
127                       -0.9152030623469781      1000                     -1.1568772575814892
128                       -0.05412784418467135     1000.0000000000002       2.3702235414587873
129                       -0.3432449405034757      1000                     0.9283541869131289
130                       0.5079885223360119       1000                     0.5956127299390059
131                       1.6380628670219664       1000                     2.291486179256697
132                       1.461537911151949        1000                     -1.4895230839589744
133                       -2.198801425472581       1000                     4.841383975367385
134                       1.8037179289481          1000                     -1.79306709622364
135                       -2.014823509195218       1000                     -0.5900599452492388
136                       0.9499419913075646       1000                     2.7545215129017966
137                       -1.666075866862634       1000                     -0.6165087248024804
138                       -1.1509167530536717      1000                     -0.35963516605474144
139                       0.21864481144232656      1000                     1.0578741375214145
140                       0.6166355439387935       1000                     -1.2001174989155448
141                       3.5261956637082292       1000                     -0.31788762370358775
142                       -0.3204290633352682      1000                     -1.330848361434844
143                       -0.49512684526144746     1000                     1.6249900873281402
144                       -1.4588538609218484      1000                     -0.9586938804062298
145                       -1.6197714719714549      1000                     -0.3436801301071697
146                       0.0743794242476611       1000                     -1.6538001347318714
147                       -0.20261137690787095     1000                     -0.13291269671153882
148                       6.081800007342009        1000                     -1.4022673204509577
149                       1.5015195254043676       1000                     1.7613160106051051
150                       0.37542942301141174      1000                     -2.8228761043749793
151                       2.918339481982745        1000                     -1.694707425148994
152                       0.05932470068719244      1000                     1.159191298001811
153                       -2.277717196112368       1000.0000000000002       0.15357597535998613
154                       -0.40068966603565553     1000                     1.7965113870568703
155                       -3.049558782747413       1000                     1.172782334246722
156                       2.453163812458935        1000                     -1.0456368350115803
157                       1.9623313196253152       1000                     0.35184897504311624
158                       1.9374470922379174       1000                     -0.4579922843722312
159                       1.096043794591221        1000                     -1.7635705180903163
160                       -0.8475561497410106      1000.0000000000002       1.1769055732964118
161                       -1.2958808944117985      1000                     -0.9959532009675771
162                       1.3068118834369222       1000                     1.7421622861971833
163                       -0.7509776708662049      1000                     -1.7796194190425805
164                       4.7312347181105165       1000                     2.6156532693193797
165                       2.247264279299028        1000                     -0.12490881573919263
166                       -1.3703152592224208      1000                     -0.9860534651887961
167                       3.289142137650506        1000                     -2.2719236021325524
168                       -5.50896035972954        1000                     -1.9233642027278708
169                       -0.1764044228772892      1000                     0.2844451423228482
170                       2.2007343766198555       1000                     -0.9557467242663537
171                       4.824797461098097        1000                     -1.1940641115390784
172                       0.6395133423904651       1000                     -3.8246920874885433
173                       2.5343144896865875       1000                     -0.6833450375004358
174                       0.9656300595449017       1000                     0.8860686847940933
175                       -1.4369831880100987      1000                     -2.1349915568741755
176                       0.9352875637503479       1000                     -2.1332548722944367
177                       -1.6150510067697712      1000                     1.4102050951375282
178                       -1.1562169627505294      1000                     2.3377120946421006
179                       2.5432011305237374       1000.0000000000002       4.750897808512087
180                       1.260937104276076        1000                     -4.41866943901573
181                       2.1758636275276895       1000                     -2.402530085884324
182                       -1.202754483464126       1000                     2.9815875369298532
183                       -0.3557504313097254      1000                     2.536889338798298
184                       -2.002930831150438       1000                     -2.1370063211534096
185                       -1.9980494613579545      1000                     -0.21527958803164385
186                       4.275917214249231        1000.0000000000002       1.7939903156298411
187                       2.312458477523123        1000                     1.9652331167691268
188                       -0.13089762414972483     1000                     -0.03491856986436726
189                       -1.801027907353429       1000                     -0.13591789788495237
190                       1.439286730443207        1000                     -1.9022420597194136
191                       -1.433259074785795       1000                     0.3811455254629478
192                       -1.9075746136825704      1000                     -0.32343232095863983
193                       1.89024118696412         1000                     2.3086215980704754
194                       3.3063375608625902       1000                     0.9241680805956554
195                       -1.2102900815090107      1000                     -0.6601636397454883
196                       -0.9818514180601042      1000                     0.20019875738590173
197                       -0.3356605308092727      1000                     0.6529236150530547
198                       0.15271332763773343      999.9999999999999        1.1353441292317739
199                       -1.602271722600806       1000                     -0.8954303753709794
200                       -0.4410223013685049      1000                     1.0977726343144667
201                       3.0842954513334133       1000                     -0.2942815899712084
202                       2.7768354160320614       1000                     -1.7988819661416413
203                       -1.332893690040947       1000                     -1.3527504432877422
204                       2.5818418703235007       1000                     -0.9840568195354268
205                       0.7050102354100967       1000                     -2.448927929698339
206                       -1.6418823213432188      1000                     1.121111107213637
207                       0.8701610359370351       1000                     2.1341074597371303
208                       0.7745950886643292       1000                     -1.962206130641059
209                       -5.496570644183981       1000                     0.7904125006224357
210                       0.9378884978547352       1000.0000000000002       -0.3482109705166664
211                       -0.5290279517616817      1000                     -3.2782365166850744
212                       -0.7108738272366264      1000                     -1.8922346323556236
213                       0.528506347507936        1000.0000000000002       -1.9531737118426638
214                       -3.035893007431797       1000                     -5.771784472334396
215                       -1.9784987234621634      1000                     -0.9869896938996944
216                       2.106736230785158        1000                     0.26660259272997644
217                       -1.8912323041890768      1000                     -1.7412410187732088
218                       -1.426710071072327       1000                     0.9275417294226579
219                       3.1229583231793256       1000                     -3.446926503536358
220                       -2.8678676842535156      1000                     1.1630558495120946
221                       1.3142280410192801       1000                     -6.100017083352333
222                       1.6774779873752768       1000                     -0.5052864377909638
223                       0.40601990546628125      1000                     1.9195180702819512
224                       0.40470153301091266      1000                     -2.295222524353947
225                       -3.2372670553720186      1000                     -5.324366067764754
226                       0.9101595166239452       1000                     0.5863735760338119
227                       -1.8342404650863893      1000                     -1.4297149865877168
228                       5.895958199452551        1000                     0.8778437561596485
229                       -2.9661215634116536      1000                     -2.0230872667743434
230                       2.6566190249396247       1000                     0.25138221341102146
231                       -0.051790701491321756    1000                     1.2337746831178873
232                       2.4182420427466003       1000                     -1.2378097981744758
233                       -0.24594358325121582     1000                     -1.4681706503105936
234                       -1.647992342548069       1000                     4.947424567222302
235                       -1.137508731317066       1000.0000000000002       2.1296419110533686
236                       -2.03430481781954        1000                     -3.6411792478357845
237                       0.8558556986858988       1000                     1.6913939917093317
238                       -4.975824939317608       1000                     1.228878781180464
239                       -0.11299065662467059     1000                     -1.665394634654714
240                       0.2654986361309315       1000                     2.758564448445265
241                       -0.8037446454685437      1000                     -2.6414530145869266
242                       0.6400034624241585       1000                     -1.075872792774879
243                       -0.8987244377628868      1000                     2.0155609686191123
244                       -4.247594735792693       1000.0000000000002       -4.247604798066775
245                       0.783922457034703        1000                     0.5430499292962524
246                       -0.46292967869120616     1000                     1.6620814252064442
247                       1.5400775869301306       1000                     0.5611274370501953
248                       1.601727408040327        1000                     1.8630438270186613
249                       1.3293094744342804       1000                     -5.169514846528373
250                       0.5377304144734185       1000                     -3.2847292118025178
251                       -1.364486490791656       1000                     0.4519855957523289
252                       4.3523168851720895       1000                     -2.269530757435259
253                       -1.7317169056383068      1000                     -0.9338351682727617
254                       -0.3163945835961241      1000                     0.38695000590041595
255                       -0.32810295574937737     1000                     1.1257495568004072
256                       2.1834888260206218       1000                     -4.567688586495377
257                       -0.5188242794457784      1000                     -0.3191071612331262
258                       1.0622890930689977       1000                     0.48497463212362607
259                       -0.9832079561845183      1000                     -1.7676711056353158
260                       -3.130171009810218       1000                     -1.457274700461733
261                       0.7831849127059076       1000                     -0.6431223284698312
262                       -1.5191597273297492      1000                     0.9004496134049216
263                       1.0611031506873407       1000                     -5.668317619011938
264                       0.8388312856606137       1000                     1.8443521555056284
265                       -1.7819191620824082      1000                     -0.5322684354953096
266                       -2.643973809012337       1000                     0.47813213063374876
267                       0.8334132609901714       999.9999999999999        0.625656497502594
268                       -1.282272540149625       1000                     -0.8974746966967236
269                       1.098214480115259        999.9999999999999        -0.03926025365718662
270                       -2.0105450520799635      1000                     -0.38166042454812515
271                       -0.6238768113266109      1000                     2.3724424341199013
272                       1.1073914046396658       1000                     1.5058248634508045
273                       2.5898072199226636       1000                     1.6350751211582994
274                       0.43625229699190754      1000                     5.208690676707825
275                       -0.5473409444851349      1000                     1.3114546234300588
276                       0.043881752608991714     1000                     -1.329465041741997
277                       -0.9127021639740031      1000                     1.5295589720213028
278                       0.5824188964630614       1000                     -2.2291547193116896
279                       -1.449016831799158       1000                     -2.6461615647507144
280                       4.842105709350305        1000                     2.1558846170685615
281                       0.037547577273323814     1000                     2.1838647020209794
282                       4.5684448315091855       1000                     -1.37212993983354
283                       2.1096769464361773       1000                     0.056306891606275326
284                       1.5508503279155208       1000                     0.9002710079705808
285                       0.9268945541091523       1000                     0.8780354742988159
286                       -1.1403783804276533      1000                     0.04687289670243761
287                       -2.33011328318035        1000                     -3.1358648264320426
288                       -1.2508785599543941      1000                     -1.8298400104547077
289                       -1.8421084013068372      1000                     0.6600162565587092
290                       1.4689476565983497       1000                     -0.6120474025558426
291                       2.846020743800806        1000                     -0.1440262135482828
292                       2.567021209796155        1000                     2.8762466504236186
293                       0.2042186700832846       1000                     1.6444554185459628
294                       -0.02371303973252106     1000                     1.000267382859692
295                       2.6154595686471764       1000                     -0.8863538724104669
296                       1.536604094541635        1000                     -1.0048111845507488
297                       -3.8084571282648954      1000                     -4.463505158614619
298                       1.0389519712177726       1000                     0.2275346611180201
299                       -2.3221443807113875      1000                     -0.07271984836054962
300                       1.2513631138457657       1000.0000000000002       -1.6537570778405768
