1                         74.88162784508239
2                         74.86885754038052
3                         74.85577583555326
4                         74.95551505472685
5                         74.89163534869499
6                         74.86764136771941
7                         74.88133408872076
8                         74.88924900835087
9                         74.98303558044117
10                        74.9374627719904
11                        74.90621794598452
12                        74.96585123476977
13                        74.85717742587845
14                        74.95762892859467
15                        74.89797779493695
16                        74.93322532398595
17                        74.87784641301715
18                        74.90220314874112
19                        74.98451584103307
20                        74.89807564308828
21                        74.85735491498393
22                        74.86066388987537
23                        74.87744331933467
24                        74.92841821994185
25                        74.99256001984374
26                        74.94789246102897
27                        74.87177226191288
28                        74.8919125926272
29                        74.85869512008021
30                        74.89115536571857
31                        74.85617717604998
32                        74.88272843327731
33                        74.88658627657163
34                        74.85562421752724
35                        74.86409525218973
36                        74.93516546708825
37                        74.98532782336196
38                        74.86128728104654
39                        74.92906369414388
40                        74.913568717966
41                        74.88191870342753
42                        74.97725073901782
43                        74.89780556475695
44                        74.89113200819823
45                        74.88737495637277
46                        74.97895785700308
47                        74.89473071141776
48                        74.87911058253422
49                        74.91109874612984
50                        74.89333872915827
51                        74.9753227488827
52                        74.88163346891737
53                        74.88294220680073
54                        74.9681366673474
55                        74.94860759355353
56                        74.92719818886387
57                        74.8681531033009
58                        74.85595955806092
59                        74.95208821739129
60                        74.85575610008081
61                        74.92014767091513
62                        74.91218800862349
63                        74.85710680932567
64                        74.90747994261943
65                        74.87970920544208
66                        74.99161906965652
67                        74.94518547998199
68                        74.85558404793784
69                        74.88131254041187
70                        74.87139432289165
71                        74.86851195738686
72                        74.85775749742612
73                        74.86627456653744
74                        74.9908640714662
75                        74.95181036552843
76                        74.98373938563009
77                        74.89865927437305
78                        74.92089831452242
79                        74.85844926188847
80                        74.9582585709182
81                        74.89910913275071
82                        74.85978483904933
83                        74.93544622288644
84                        74.87266791336569
85                        74.97625088101728
86                        74.86200886532575
87                        74.88095989530512
88                        74.93966511325492
89                        74.86805176571615
90                        74.95052926531805
91                        74.89519019716622
92                        74.8898995749166
93                        74.93699437717237
94                        74.87280608440334
95                        74.85724125243766
96                        74.87533533778594
97                        74.8820757749793
98                        74.96640603860284
99                        74.996094364178
100                       74.97749298683173
101                       74.88089825196228
102                       74.8570551052708
103                       74.85583104135951
104                       74.86346788279135
105                       74.864815483514
106                       74.92669189791997
107                       74.8707029362528
108                       74.8582255518367
109                       74.95521894721617
110                       74.8708098457044
111                       74.88771518312221
112                       74.99067907113938
113                       74.99509064229922
114                       74.89447468503363
115                       74.91762825407422
116                       74.85700780045624
117                       74.86481779063072
118                       74.85552619896504
119                       74.96606545302205
120                       74.85893013108213
121                       74.96084985538386
122                       74.85656124330485
123                       74.86578797086096
124                       74.85737804492692
125                       74.99063087109096
126                       74.85907424863862
127                       74.85553184600022
128                       74.9459871323452
129                       74.86954521771582
130                       74.9644293772322
131                       74.85681718192586
132                       74.87363734349618
133                       74.9217274014984
134                       74.88623926538739
135                       74.93294762901733
136                       74.89572178149434
137                       74.8807058120772
138                       74.90475791443907
139                       74.85647229133839
140                       74.96084398358795
141                       74.92993839097913
142                       74.85581303786505
143                       74.89370144884818
144                       74.89603106829101
145                       74.94164045065601
146                       74.85586625133874
147                       74.86744833611701
148                       74.95694567169326
149                       74.87664493743058
150                       74.98431020069842
151                       74.8581177679105
152                       74.85908389450633
153                       74.8595947409329
154                       74.85569654439296
155                       74.85837937363537
156                       74.85638095820951
157                       74.86932118507679
158                       74.89135609113113
159                       74.93171570323076
160                       74.91956777997528
161                       74.85577465419023
162                       74.98490526880734
163                       74.9877577098141
164                       74.90851247930075
165                       74.86844193532498
166                       74.93748623691974
167                       74.90592515430237
168                       74.98961681819596
169                       74.97725211828065
170                       74.88049537532736
171                       74.87339181161998
172                       74.96787821914906
173                       74.85857877857721
174                       74.92103336997214
175                       74.8966622053913
176                       74.99702995980188
177                       74.94488090613521
178                       74.85710013326289
179                       74.87067186345618
180                       74.92648016454082
181                       74.85719555806942
182                       74.95544977583312
183                       74.88663457871584
184                       74.98079029900263
185                       74.91312151369155
186                       74.86687232338932
187                       74.8864698399579
188                       74.87399454458902
189                       74.87052367227771
190                       74.9297978340416
191                       74.85627176205067
192                       74.93675384947083
193                       74.8577336179876
194                       74.9723940835106
195                       74.90388252752501
196                       74.89981625687366
197                       74.97458824170242
198                       74.85733891290971
199                       74.85610098247746
200                       74.98141411591601
201                       74.8582658104872
202                       74.95527395711962
203                       74.85549195460634
204                       74.99365447875178
205                       74.90771601096202
206                       74.8565845141909
207                       74.89247830562634
208                       74.96419546883419
209                       74.85650864777037
210                       74.94672047382423
211                       74.88183152296129
212                       74.86083774311304
213                       74.92829578945334
214                       74.8866884802184
215                       74.85574533457392
216                       74.86465235040484
217                       74.88074813221498
218                       74.94285110539795
219                       74.8787388265697
220                       74.85566072411437
221                       74.95521757432094
222                       74.98626480179607
223                       74.93944332709279
224                       74.92346654276439
225                       74.87691469892135
226                       74.86875141578453
227                       74.91355595091667
228                       74.93309536889629
229                       74.99313505063435
230                       74.87260997944813
231                       74.97606954964957
232                       74.86902189029145
233                       74.85576789051625
234                       74.88451420562119
235                       74.85609473554408
236                       74.9019922397311
237                       74.95742434788865
238                       74.85546570178546
239                       74.86475253097991
240                       74.85725325128736
241                       74.94755849476827
242                       74.86029634796797
243                       74.96929696018145
244                       74.94719111419562
245                       74.91082221985663
246                       74.85571069295662
247                       74.95585916889745
248                       74.93516284676235
249                       74.86364183746888
250                       74.94719122606537
251                       74.87379048812801
252                       74.93540152074938
253                       74.8867206556328
254                       74.8557774857559
255                       74.86375942296749
256                       74.99659303082775
257                       74.8793537576811
258                       74.91058458800181
259                       74.96522606007368
260                       74.90484828967601
261                       74.99348386500358
262                       74.86075216179299
263                       74.9771772474775
264                       74.99996904927205
265                       74.86660083545176
266                       74.9400628591518
267                       74.8782585120629
268                       74.99322096755087
269                       74.94425744211158
270                       74.90799840827093
271                       74.85661886094802
272                       74.95411624029335
273                       74.89816502534217
274                       74.86437821362266
275                       74.97487953007908
276                       74.85568945862845
277                       74.85853012589033
278                       74.95193709583934
279                       74.87431503099337
280                       74.99594158811288
281                       74.96104552334822
282                       74.96914539873352
283                       74.93751732005556
284                       74.86159461292978
285                       74.90191398199161
286                       74.85907811921716
287                       74.97525637889332
288                       74.86063867105504
289                       74.95466924107224
290                       74.87342733943073
291                       74.86129033050645
292                       74.98961591455179
293                       74.99741638215896
294                       74.96860731117462
295                       74.94530173095013
296                       74.92789522993571
297                       74.95094914625497
298                       74.90148040798265
299                       74.88197471907708
300                       74.9512689472473
301                       74.96125285657006
302                       74.85766365141346
303                       74.99076201788365
304                       74.86752478751669
305                       74.99336989092144
306                       74.93816871972865
307                       74.85892971611506
308                       74.94869170655042
309                       74.88639412141156
310                       74.8633515034648
311                       74.85800971378396
312                       74.90611773246219
313                       74.85599264422103
314                       74.9377073045994
315                       74.90601965524978
316                       74.86812619295544
317                       74.85874366959257
318                       74.92799363737656
319                       74.86234066833799
320                       74.86970487238595
321                       74.88882032824911
322                       74.85662828451599
323                       74.87418319678949
324                       74.86032365331562
325                       74.98925245627186
326                       74.90347364205186
327                       74.88654317553168
328                       74.9885902135454
329                       74.85608922606316
330                       74.85628721385176
331                       74.90948995903352
332                       74.8765200745374
333                       74.8561580042266
334                       74.9615551248123
335                       74.87591951452278
336                       74.86104317363633
337                       74.94710066710455
338                       74.86477792278181
339                       74.85605061727136
340                       74.8592465578225
341                       74.87385887458223
342                       74.9204168112014
343                       74.86050760217235
344                       74.85893098218743
345                       74.88643451935431
346                       74.87093761716976
347                       74.86354837869841
348                       74.85707706163063
349                       74.92973952150793
350                       74.99802635776987
351                       74.91111710823132
352                       74.86954399017854
353                       74.94534606396499
354                       74.94709461256093
355                       74.87133907519194
356                       74.85585166987987
357                       74.8645640920202
358                       74.86524057031832
359                       74.87049685565891
360                       74.91952962973816
361                       74.89146707312375
362                       74.85865181718586
363                       74.85709929748057
364                       74.98172454320866
365                       74.92629714361186
366                       74.86577465465487
367                       74.87890853931864
368                       74.85998126984147
369                       74.87142184060353
370                       74.9805176296158
371                       74.89646430633314
372                       74.87511235809933
373                       74.9199481640045
374                       74.85799562463767
375                       74.96013503268263
376                       74.91641157545105
377                       74.94851361102106
378                       74.90448193190213
379                       74.95815179481185
380                       74.90839536814798
381                       74.92496164694538
382                       74.88644665129152
383                       74.87760166817107
384                       74.86392716927648
385                       74.95975008443818
386                       74.8624798979281
387                       74.87730967121344
388                       74.85569851317429
389                       74.86491284847399
390                       74.85566692995386
391                       74.8592626946177
392                       74.85555453133371
393                       74.98101670441308
394                       74.99508682414542
395                       74.85584802258542
396                       74.99788071931373
397                       74.85566138149314
398                       74.94913516689535
399                       74.90003440216589
400                       74.8557201926028
401                       74.85900761736094
402                       74.94664960471233
403                       74.8673949339233
404                       74.92181739856338
405                       74.9569414313985
406                       74.95996843108162
407                       74.91591476837016
408                       74.9307521801597
409                       74.87563592089009
410                       74.9527355757288
411                       74.9980140118227
412                       74.86061740070326
413                       74.89311088762825
414                       74.8769487257873
415                       74.85552819495003
416                       74.8603669329597
417                       74.87651585325601
418                       74.85709117460104
419                       74.85631018034888
420                       74.85569355193026
421                       74.930957464773
422                       74.86114640924539
423                       74.87320553769534
424                       74.88372118218744
425                       74.96979150935987
426                       74.8930018123052
427                       74.90237376243526
428                       74.92400431902679
429                       74.9905044934537
430                       74.85707737321911
431                       74.92071877534143
432                       74.89830556699158
433                       74.85776141464682
434                       74.8734260823451
435                       74.85692720364274
436                       74.85557380323701
437                       74.984716537671
438                       74.88474934269695
439                       74.91107484199094
440                       74.93931601964208
441                       74.85678490167972
442                       74.99316785383954
443                       74.86067539359203
444                       74.86091433920902
445                       74.8908474328079
446                       74.92911956117163
447                       74.96090837683809
448                       74.8581821684774
449                       74.98514625349387
450                       74.94878939390078
451                       74.85710583722111
452                       74.88404400873674
453                       74.87072692458115
454                       74.947455111513
455                       74.85715306688853
456                       74.97173520532755
457                       74.87907180675101
458                       74.86319584114811
459                       74.87867705719222
460                       74.97316255040073
461                       74.9814383832021
462                       74.92142644058681
463                       74.88117261903895
464                       74.88206768796358
465                       74.99168172110598
466                       74.91073338226079
467                       74.976391374313
468                       74.9743966397279
469                       74.93629285828268
470                       74.93172199334607
471                       74.90290613010197
472                       74.99365391726786
473                       74.87537513099159
474                       74.86248190255017
475                       74.99345273623712
476                       74.92440782196735
477                       74.86355599111629
478                       74.85950585195167
479                       74.99194461391033
480                       74.96278482615102
481                       74.85612962318064
482                       74.85962514158913
483                       74.86471818751555
484                       74.85754136163591
485                       74.89041617591438
486                       74.90309264016756
487                       74.92542970586712
488                       74.89792491222826
489                       74.8715827488944
490                       74.92756742780787
491                       74.8703940608743
492                       74.86295879783066
493                       74.86469158305172
494                       74.9937305906394
495                       74.88270932680418
496                       74.93177864395977
497                       74.99386983570899
498                       74.85554911623322
499                       74.85560227659137
500                       74.88095540174393
501                       74.98764570897005
502                       74.93497234202634
503                       74.89728852965925
504                       74.99820984020997
505                       74.93268839643476
506                       74.96924667530455
507                       74.97229651336093
508                       74.87219011867866
509                       74.8686847303192
510                       74.89240253694038
511                       74.92190776132307
512                       74.91390039653675
513                       74.86317414782832
514                       74.9306001534833
515                       74.96658456641912
516                       74.91212736433053
517                       74.98300108616989
518                       74.97848436968367
519                       74.94712509395052
520                       74.85850830597704
521                       74.86990412359395
522                       74.87145558068596
523                       74.8556553181813
524                       74.90311225345089
525                       74.85617781789651
526                       74.93446733505517
527                       74.91035766020723
528                       74.89194536798871
529                       74.89035901068264
530                       74.867726725209
531                       74.85819012874558
532                       74.98842620031084
533                       74.90834890730981
534                       74.91556580998343
535                       74.97455152451396
536                       74.90090914694017
537                       74.96626217526607
538                       74.93195105750075
539                       74.87029155779686
540                       74.92797661149801
541                       74.93789975834542
542                       74.94381886446496
543                       74.89843880189107
544                       74.97417348215839
545                       74.86195080038321
546                       74.8730624164836
547                       74.86594704983948
548                       74.9579265255278
549                       74.86525721460391
550                       74.94453311127302
551                       74.90182790294662
552                       74.91702352733748
553                       74.95778661101727
554                       74.8608294337138
555                       74.93592371181994
556                       74.96274668583605
557                       74.92354502161018
558                       74.85607169540195
559                       74.89222171353116
560                       74.91884293382056
561                       74.93304297884744
562                       74.86288567850046
563                       74.85868806609935
564                       74.89925139568555
565                       74.92101273356253
566                       74.93419378643674
567                       74.85826470712233
568                       74.85764369304515
569                       74.9375316195835
570                       74.91609746118256
571                       74.9058072850674
572                       74.99730375233977
573                       74.93595199405291
574                       74.89486485165276
575                       74.89534367290148
576                       74.87001065573148
577                       74.85780792602597
578                       74.86313797208406
579                       74.87474940411536
580                       74.86438158948111
581                       74.85553060178357
582                       74.92803776376977
583                       74.94830828986338
584                       74.99467604751739
585                       74.91395255587483
586                       74.9052972559309
587                       74.91388016961238
588                       74.97675362496881
589                       74.90793921681588
590                       74.97434407275796
591                       74.85851706868078
592                       74.90627589832823
593                       74.92521983449008
594                       74.87785016345828
595                       74.89891779004512
596                       74.95842244914476
597                       74.8923582574857
598                       74.9923656400149
599                       74.85906250006047
600                       74.91410864964816
601                       74.96988410658562
602                       74.90151663710795
603                       74.99050183912694
604                       74.87477790439075
605                       74.86122333902563
606                       74.9314123380331
607                       74.86754693834767
608                       74.94011237890176
609                       74.87105505213493
610                       74.85656149642872
611                       74.86110842455436
612                       74.95899066687927
613                       74.96802351179217
614                       74.8664176371442
615                       74.91477114319072
616                       74.89107497672482
617                       74.95809152137332
618                       74.89137091490764
619                       74.99926180775978
620                       74.93180926409335
621                       74.85823100730043
622                       74.85552706819558
623                       74.87929565973938
624                       74.86315666332497
625                       74.85610970995906
626                       74.91117558291403
627                       74.90777573377613
628                       74.86821489579758
629                       74.8813505475702
630                       74.86084693155705
631                       74.95717796075418
632                       74.8566608968224
633                       74.97146663669339
634                       74.89857485488028
635                       74.96017412902981
636                       74.97249335821138
637                       74.85933181299883
638                       74.90980863358894
639                       74.85791877618205
640                       74.86091805873019
641                       74.98612744920842
642                       74.86925204453296
643                       74.91440766707647
644                       74.88526361257672
645                       74.91836292440314
646                       74.91429862082114
647                       74.85564919590796
648                       74.8604588108304
649                       74.86898146772788
650                       74.8575504816023
651                       74.94092218135076
652                       74.9884006116132
653                       74.92444341362997
654                       74.86878494930197
655                       74.92958272563463
656                       74.85939342106447
657                       74.86531909193576
658                       74.94451707821683
659                       74.85638201545592
660                       74.85548445718214
661                       74.90851597765939
662                       74.99652084288732
663                       74.88333575598023
664                       74.85646432174464
665                       74.90500687501779
666                       74.9528690425103
667                       74.90601931022398
668                       74.98237552467525
669                       74.88384731273766
670                       74.85689407017216
671                       74.85979669379765
672                       74.99305433255998
673                       74.85747128175504
674                       74.95956509537348
675                       74.88375300729899
676                       74.86495934246004
677                       74.89224685707646
678                       74.99245321845534
679                       74.85701292000897
680                       74.871401463041
681                       74.85909162887815
682                       74.92216123167526
683                       74.87585528701842
684                       74.85605784223088
685                       74.87628093039385
686                       74.9659337641829
687                       74.85595449122101
688                       74.99002568662416
689                       74.85551821631415
690                       74.98991101654084
691                       74.90533666798856
692                       74.92713916013791
693                       74.88461561293018
694                       74.86492770274154
695                       74.94735001670246
696                       74.99631016149944
697                       74.90457880196988
698                       74.92968327490779
699                       74.86497509554883
700                       74.88929250504961
701                       74.85629612331077
702                       74.91641388238048
703                       74.85747059640163
704                       74.97609328167778
705                       74.8559804756487
706                       74.85775093271513
707                       74.86330842898768
708                       74.8719818488107
709                       74.87775444349893
710                       74.85605090548968
711                       74.89527078310185
712                       74.93553343634221
713                       74.86724011000504
714                       74.90146939824702
715                       74.90034786422297
716                       74.85586356037055
717                       74.9174472186204
718                       74.87796750534582
719                       74.86149585460113
720                       74.98332476400249
721                       74.9110009344315
722                       74.86739296086637
723                       74.8659953119196
724                       74.85714231851232
725                       74.88049738733045
726                       74.85780670088626
727                       74.94039536312343
728                       74.86294947271777
729                       74.86275591257925
730                       74.96543691207269
731                       74.9257273485686
732                       74.92964671150335
733                       74.98199656902904
734                       74.85584363766247
735                       74.85606467592196
736                       74.87847677254561
737                       74.98385928267321
738                       74.96035922441938
739                       74.85565853019247
740                       74.9117647049878
741                       74.85566548207304
742                       74.88708652617619
743                       74.8640777200097
744                       74.91653303184502
745                       74.8702186592587
746                       74.87100905055668
747                       74.85820739082338
748                       74.9589170033929
749                       74.85679807163231
750                       74.85647077105727
751                       74.87861606564773
752                       74.99966184824049
753                       74.93645181531843
754                       74.85612951015497
755                       74.91932261187466
756                       74.93040125467434
757                       74.85637629828126
758                       74.91859087215045
759                       74.85749652039752
760                       74.90496495544724
761                       74.8588786789309
762                       74.98657958464534
763                       74.86942432622565
764                       74.94658342183344
765                       74.86158754253968
766                       74.90055517413886
767                       74.86871464160411
768                       74.96824412530701
769                       74.92850763181113
770                       74.85572289545739
771                       74.88506011822948
772                       74.85938846863839
773                       74.93357237216563
774                       74.8822610239477
775                       74.88118482652874
776                       74.86264656444418
777                       74.99119139270958
778                       74.99380996317136
779                       74.8648780241144
780                       74.85556883346784
781                       74.9376090775122
782                       74.94287933962819
783                       74.88061881214391
784                       74.90577383543314
785                       74.87867864096452
786                       74.8636465687962
787                       74.901792871531
788                       74.86392226755109
789                       74.88568595823831
790                       74.90789682218181
791                       74.9698099902359
792                       74.87858050225945
793                       74.8562709965777
794                       74.8609359084372
795                       74.86949756052316
796                       74.99361454080952
797                       74.97700354876578
798                       74.89747742790955
799                       74.9513622692872
800                       74.87014617911551
801                       74.85588778205474
802                       74.90275605998309
803                       74.91285882397585
804                       74.95811866740488
805                       74.92485977642114
806                       74.90763875134664
807                       74.93519255416426
808                       74.94248115350698
809                       74.92491608852316
810                       74.9005570878687
811                       74.91474383302169
812                       74.90269019148633
813                       74.85583972639573
814                       74.99387695056465
815                       74.97631050612716
816                       74.95328341532895
817                       74.89209892472846
818                       74.8697778584968
819                       74.9246301716458
820                       74.876535689007
821                       74.89804062996924
822                       74.88799162214971
823                       74.87218793057504
824                       74.88569833457063
825                       74.86369410283866
826                       74.85877140572222
827                       74.97107151861574
828                       74.90681605515401
829                       74.8557047610488
830                       74.86013164377965
831                       74.88356861289131
832                       74.86451606739904
833                       74.87504910674028
834                       74.92554226054885
835                       74.88316014741335
836                       74.85894455956907
837                       74.86743151040328
838                       74.91098810264523
839                       74.86438170290938
840                       74.87747082089857
841                       74.85570022442964
842                       74.97502180379715
843                       74.85689676999107
844                       74.99651285254596
845                       74.87085447937896
846                       74.99213144209455
847                       74.88706424347397
848                       74.86010755756635
849                       74.86695024790134
850                       74.85768462685625
851                       74.8570967354361
852                       74.85809283460992
853                       74.85820168674685
854                       74.89503119003048
855                       74.97807331049984
856                       74.85635632526508
857                       74.87291147919966
858                       74.85552905111739
859                       74.88903112991858
860                       74.93193869246109
861                       74.86281335229206
862                       74.89257221558711
863                       74.91262024628485
864                       74.87654850063723
865                       74.88278931951169
866                       74.96836785069459
867                       74.8769213555188
868                       74.95458393740977
869                       74.86273638420496
870                       74.96893761728049
871                       74.91309727557527
872                       74.93693892874994
873                       74.86146055435319
874                       74.85572490728802
875                       74.9175666677132
876                       74.95800460150137
877                       74.91929285535997
878                       74.98128644295603
879                       74.90716380742424
880                       74.97398227178594
881                       74.90710714271172
882                       74.90509848549492
883                       74.8944401942981
884                       74.97824420033729
885                       74.91652964448193
886                       74.86621083582698
887                       74.95176858583747
888                       74.90887888684429
889                       74.90080946153125
890                       74.9894713901211
891                       74.99152065499776
892                       74.867561134166
893                       74.9937338232176
894                       74.95293888708264
895                       74.85903507406077
896                       74.89699728556205
897                       74.91395900302324
898                       74.89738349700079
899                       74.87949022269724
900                       74.91041063791022
901                       74.88087722075856
902                       74.90670206170368
903                       74.93377938085283
904                       74.91074176736755
905                       74.86231595890847
906                       74.85803485195383
907                       74.92775634120945
908                       74.96982590480297
909                       74.93246382076926
910                       74.86430996950966
911                       74.89587860435569
912                       74.86901086966394
913                       74.96899610774662
914                       74.85567466302719
915                       74.89303448430931
916                       74.90512490916873
917                       74.85708068314081
918                       74.91872291789377
919                       74.88494504091767
920                       74.88821412980329
921                       74.86040245155588
922                       74.92570551923905
923                       74.86107723234309
924                       74.8599571707498
925                       74.98083923360494
926                       74.86634570713396
927                       74.8652425991286
928                       74.97250202649397
929                       74.89955044577806
930                       74.86542002216454
931                       74.902755509191
932                       74.86709431749162
933                       74.9776965806025
934                       74.93983328222065
935                       74.96977068683634
936                       74.97679631733767
937                       74.94079124286652
938                       74.98041915166
939                       74.89832352134897
940                       74.88190974406115
941                       74.951820462753
942                       74.86197672159001
943                       74.8569467501098
944                       74.86926434766457
945                       74.86010986864646
946                       74.95680140813604
947                       74.9128043714202
948                       74.95018904473149
949                       74.91918060995748
950                       74.85787123622245
951                       74.85564917995451
952                       74.86419306944543
953                       74.90283661803217
954                       74.86679189571466
955                       74.85759598111153
956                       74.91976439140873
957                       74.86227580571493
958                       74.85881044684628
959                       74.86120778132488
960                       74.85549056815749
961                       74.85868596609684
962                       74.91501355051136
963                       74.86767399216284
964                       74.90243897333855
965                       74.86099499753675
966                       74.85826407427827
967                       74.88625947071225
968                       74.92920819408691
969                       74.99319194743649
970                       74.86905364390671
971                       74.91350682239766
972                       74.85641699640584
973                       74.91214681838592
974                       74.97170647052963
975                       74.91999954180466
976                       74.86751710844551
977                       74.9701664732454
978                       74.8980931887048
979                       74.88905299563582
980                       74.85870151563279
981                       74.85557449910111
982                       74.85556502964306
983                       74.86820161227507
984                       74.92995264255218
985                       74.93555025493276
986                       74.88521173500355
987                       74.86792882517435
988                       74.89231399839504
989                       74.89188766894578
990                       74.9867865481783
991                       74.86174987446044
992                       74.86477018666359
993                       74.85568026676472
994                       74.8564769701916
995                       74.96849032079932
996                       74.91068892308458
997                       74.90582853418832
998                       74.85605531225364
999                       74.86500995042447
1000                      74.85854557199265
