1                         -3.3983022182020517      1127                     -4.03010761433002
2                         -0.05904782387601175     -0.15000000000000005     0.011926484230214758
3                         0.025173656938991828     -0.15000000000000008     0.08889571440082125
4                         -4.513792029561604       1127                     -0.43370782525141066
5                         0.05010220029219295      -0.15000000000000005     0.03553827092522269
6                         0.05308438928981983      -0.15                    -0.043463729439842766
7                         -0.1649525821876098      1127                     -0.9824243601918412
8                         4.5495444169770805       1126.9999999999998       0.9302184360272082
9                         -0.35258025441488555     1127                     2.5055077335791114
10                        -4.0321877394576005      1127                     -8.466621005862617
11                        -0.038605318206163704    -0.15000000000000002     0.01377565833779683
12                        1.4242566444597158       1127                     0.35648273221211363
13                        2.74270234022445         1127                     -3.2792067222415233
14                        -0.16371734464781873     7.321016084934837E-18    -0.0200056608787432
15                        -0.058886660728959234    -0.15000000000000002     -0.036221203956863665
16                        -0.10651850749171048     1.0422527416956433E-17   -0.12772219624808634
17                        0.05913800219451462      -0.15000000000000005     0.02195621279893272
18                        -0.02007098268159955     1.1661310133670847E-18   -0.06313512154978042
19                        -0.08673484621481861     8.426678405210838E-18    -0.11504499530798012
20                        -0.7449529564379023      1127                     2.880539771518859
21                        -0.02762746057059506     -0.15000000000000005     -0.04571042468024053
22                        2.8003931568052107       1127                     0.5334005338347874
23                        -0.014200911771120725    -0.15000000000000002     0.0926334995974246
24                        -5.495520670560085       1127                     2.1368473573185827
25                        -5.793033652681379       1127                     -4.752536102711108
26                        -0.13147435452771106     -1.5358323780252655E-18  0.09239466116473102
27                        -3.824159616340889       1127                     -1.707411869720625
28                        -0.10337458518599793     -0.15000000000000005     -0.015024611319509957
29                        -0.8833749360912133      1127                     -1.5184195628484938
30                        0.01886488631046525      4.522914763194788E-18    -0.1568914294171982
31                        0.012491197207179686     -0.15000000000000002     -0.07160928845169041
32                        -0.06229905518386487     -0.15000000000000002     0.07853766975661998
33                        0.13150150447514364      1126.9999999999998       -5.794500984299548
34                        0.1060876995210352       -0.15000000000000002     -0.05702218267417719
35                        0.04346298253752508      -0.15000000000000002     -0.07334936572427052
36                        2.255629311419988        1127                     -1.7440851517698264
37                        -0.108671256576841       1.0180796807634882E-17   -0.12153943998118227
38                        1.749770694476018        1127                     -2.358162110468862
39                        0.04513940483006032      -3.737654371912069E-18   -0.048240919515997994
40                        -0.08874524767260578     -0.15000000000000002     -0.062379784933059
41                        -1.6990402441504735      1127                     1.5265598609906887
42                        -0.5808507973332732      1127                     -3.435838206184268
43                        0.02952390471078511      -0.15000000000000002     -0.063706437708686
44                        -0.08172576109132344     -0.15000000000000002     -0.009329289196860577
45                        -3.377014394875995       1127                     1.2638901878659232
46                        0.3402763604865618       1127.0000000000002       4.5278898321719945
47                        -0.2651887444447771      1127                     -0.502817676110591
48                        -0.10084509381392154     -0.15000000000000005     0.11631978061498355
49                        -0.06654550009090654     -0.15000000000000005     -0.12483208912754734
50                        -0.0781987556889539      -0.15000000000000002     0.026100671678260648
51                        1.1027905557144346       1127                     0.7555772530489282
52                        -0.09925418894961215     -0.15                    5.5363034373424874E-5
53                        -0.060845160918476596    -0.15000000000000002     -0.007982013995762477
54                        0.1801281932674583       1127                     2.0432358464045635
55                        -2.7019312856776514      1127.0000000000002       1.2533018750325973
56                        -0.8167668509888373      1126.9999999999998       -4.067884877972635
57                        0.011736538045846762     -0.15000000000000002     0.05233526792145454
58                        -0.11179699927668148     -0.15000000000000002     0.04162533790473093
59                        0.05589579878502182      -1.357650148114384E-17   0.10833668196089045
60                        -0.12091547291827472     -0.15000000000000002     -0.008498380285985208
61                        0.06258117511470057      -0.15000000000000002     -0.009152697745106141
62                        1.218751799400993        1127                     -0.7204929299303295
63                        0.11453144951773371      -0.15000000000000002     -0.03969558033297533
64                        -0.07529290023702101     -0.15                    0.025823826813623836
65                        1.9204299281284698       1127                     -8.564852945533737
66                        0.001210544262525758     -0.15000000000000002     0.0636542447483651
67                        2.645434409471759        1127                     1.9147670984512666
68                        -0.09210375947583196     -0.15000000000000005     0.024489679496921293
69                        0.1351480480511713       1127                     0.5150296971965043
70                        -6.091771308721582       1127                     3.7122737755051576
71                        -0.019117777514980384    -0.15000000000000002     -0.13177739373097272
72                        3.399079792704455        1127                     -5.558716640855142
73                        0.06629191092112598      -0.15000000000000002     -0.09063916969990149
74                        -0.11344478117974081     1.0133893081963711E-17   -0.11592010030134291
75                        0.06897519733909527      -3.9451366132290266E-18  -0.06156677931633618
76                        -0.9762691400806507      1127                     -3.1588836897712214
77                        -0.09321315579692192     -0.15000000000000005     -0.06936577447048166
78                        0.12577900513359297      -0.15000000000000002     -0.0034134506110326777
79                        -0.3858557840681543      1127                     -0.20621861277532685
80                        -3.457997853040116       1127                     -2.3424380502964173
81                        2.9185652743532455       1127.0000000000002       -1.3154292617865242
82                        0.1185532205026125       -0.15000000000000002     0.01830168461219287
83                        0.08253080627695092      -1.8784237735313567E-18  -0.11641355299197295
84                        -0.036564875638200274    -0.15000000000000002     0.07908249453766725
85                        0.039640285585547955     -0.15000000000000005     0.001138104310892238
86                        -0.028673812469995164    -0.15000000000000005     -0.09260641027171594
87                        2.998465722912868        1127                     -7.6661177671800225
88                        7.903132518969641E-4     -1.3620633988517626E-17  0.15748978102195463
89                        -0.05134887425791517     -0.15000000000000002     0.10813026786213838
90                        0.04670890676775619      -0.15000000000000005     0.037316233670016914
91                        -1.4034708898138337      1127                     -0.7841861016836585
92                        3.4080428683553863       1126.9999999999998       2.175595150923809
93                        0.6902494835915476       1127                     -3.6384131348757025
94                        0.050764605750440554     -1.519546373333001E-17   0.13323441002647363
95                        5.807834520499737        1127                     -4.29917971600311
96                        -0.06376843036256657     -0.15000000000000005     0.09933400822296637
97                        -1.4972627751534089      1127                     2.4302743621519736
98                        0.05395498130513579      -0.15000000000000008     0.0062942340292078455
99                        0.12144125198064593      -1.195470402951925E-17   0.012797382250865335
100                       -1.4570523073517543      1127                     1.8302517561242204
101                       -2.6433657067910024      1127                     -0.5697730288085282
102                       -1.4300606830154345E-4   1126.9999999999998       2.9338170743624388
103                       0.06090066410141743      -0.15000000000000005     0.06193144704964801
104                       -0.05696195807206245     -0.15000000000000002     -0.04768440189830176
105                       -1.1999378540980747      1127                     -3.765348881064847
106                       0.16301038528398032      -1.2387029672981588E-17  -0.02472430308793282
107                       -2.5634518813242835      1127                     2.152123704687799
108                       2.7927542228765003       1127                     -2.719308628018631
109                       0.06003152658609093      -0.15000000000000002     -0.10866328445935884
110                       -6.260217953272003       1126.9999999999998       3.2043166813455333
111                       -4.237423645852704       1127                     1.9266313066451752
112                       -0.0342504993031369      -0.15000000000000002     -0.04130229439240582
113                       0.5923936038333731       1127                     -5.407675663738713
114                       0.04372640404831214      -0.15000000000000005     -0.10054067595069546
115                       0.015388575852534947     -0.15000000000000002     0.06551714437930799
116                       0.27213469128474543      1127                     0.7648147547416493
117                       2.350639358970707        1126.9999999999998       -2.8053419235337245
118                       0.0239045633410889       -0.15000000000000002     -0.06489297269750814
119                       0.8048785799474982       1127                     0.2140333790615318
120                       -0.1111326816461985      -0.15                    0.04742605035100425
121                       0.03519784535360254      1127                     2.5974395313953695
122                       0.04201527825106122      -0.15000000000000002     -0.10423266399364238
123                       -1.8353706216300554      1127                     -2.069476896658327
124                       -0.0330256685874178      -0.15000000000000002     -0.09879051247389163
125                       -1.735190048231744       1127.0000000000002       -2.1356259013008416
126                       -2.2038531887167943      1127                     -2.612904503316684
127                       0.1071559440131061       -0.15000000000000008     0.046961560370061835
128                       -0.05159062777246605     1.8100407186825808E-18   -0.04213131997826679
129                       1.3926800318324044       1127                     4.098702602618113
130                       -3.8684404984690786      1127                     0.5695497093449425
131                       -0.4540786300328715      1126.9999999999995       -0.21928497066196034
132                       -0.05630658326373077     1127.0000000000002       -3.38355325493201
133                       -1.6180706910860925      1127                     3.724058540367329
134                       -0.0639627533178296      6.877062297931453E-18    -0.11250993665142257
135                       -0.07639163729834637     -0.15000000000000005     -0.062305105768283464
136                       -1.5639299680525396      1127.0000000000002       1.0176487575882502
137                       0.06719509516980017      -0.15000000000000002     -0.0669506863826302
138                       -0.09456033927864481     -0.15000000000000002     -0.04444339673409423
139                       -2.0120211289792747      1127.0000000000002       -1.4723000004004994
140                       -1.9211251790801243      1126.9999999999998       -3.6844007097145743
141                       3.942795561566964        1127                     -5.828115572117562
142                       0.04559164195160687      -0.15000000000000002     -0.10673585426852644
143                       -0.7031827233492324      1127                     3.3326020244331325
144                       -0.08324371109377565     -0.15000000000000005     -0.02885690586463576
145                       0.04758761818394345      -1.484360584266063E-17   0.13065479784262077
146                       0.028303167384197775     -0.15000000000000002     -0.08013429643568569
147                       -0.10333573870613727     -0.15000000000000002     -0.005657454878283749
148                       1.3175761113156832       1127                     -0.5609817580641661
149                       3.145997138852929        1126.9999999999998       1.5848056737689564
150                       0.019786547411680386     -0.15000000000000002     -0.002339856717606882
151                       -0.0552063832515186      1126.9999999999998       -3.8805518774230157
152                       -1.1878727581445516      1127                     -0.5104437339091861
153                       0.020506120242575043     -0.15000000000000002     0.05210405913761245
154                       -0.07649623457368075     -0.15000000000000005     0.0061192731832781485
155                       0.02307702245672931      -0.15000000000000002     0.09480755845388648
156                       -1.1274466896060835      1127.0000000000002       -6.3173665172930145
157                       -3.7376182403862273      1126.9999999999998       -0.7719810929275133
158                       -2.522117601772372       1127                     -0.5917405956038941
159                       1.11035473481977         1127                     -4.071672432020117
160                       -1.8746821645072158      1127                     2.933360065353548
161                       -0.04759322567037786     -0.15000000000000002     -0.0706055153887146
162                       -0.6666362373883561      1126.9999999999998       2.0065889425791474
163                       0.10517108963831158      -2.557264102056685E-18   -0.0049869916711686845
164                       2.142766826410171        1127                     -4.49421011490634
165                       4.585852916099984        1127                     -0.1656992021175438
166                       -0.0789847790279307      -6.262804137489182E-18   0.11715630233525495
167                       0.5977439088515492       1127                     -3.418023060772461
168                       0.047299829980854705     -0.1500000000000001      0.05045766607066055
169                       -2.6774174716974124      1127.0000000000002       -3.512046679094647
170                       -0.9019431294218464      1127                     -4.304863444383441
171                       -1.6037737165986414      1127                     -4.397315355066518
172                       0.1517748235273844       -1.0201895518775142E-17  -0.04932696548887412
173                       -4.1460061504114085      1127                     -6.345263781086664
174                       -1.1848156682815578      1127                     3.5324726429384006
175                       0.0313726418120174       -0.15000000000000005     0.04229921315126778
176                       0.1337278448581551       -1.0756486750572606E-17  -0.02222282466997699
177                       -3.8521981931893157      1126.9999999999998       -2.2066436399958445
178                       -0.14706920041143506     -0.15000000000000008     0.04706028742329934
179                       1.9092095291518418       1127                     2.545214026653627
180                       0.15413351849442777      -1.1556113822975002E-17  -0.0290095756871502
181                       -4.473815127279862       1127                     -4.544450317376897
182                       0.6608007104991573       1127.0000000000002       1.135494465729362
183                       -3.117766043666343       1126.9999999999998       2.636903768467
184                       -0.019405364108357612    8.313624529865496E-19    -0.058333554635523206
185                       -0.018765735527965403    -0.15000000000000002     -0.05782058001960871
186                       3.1899026522871754       1127                     -4.259782856515604
187                       1.726877506478954        1127                     -0.31339119382897346
188                       -0.09033974757095878     -0.15000000000000002     0.0734218326129569
189                       -0.13710824788430695     -0.15000000000000002     -0.040582380734221636
190                       -0.005060265496736012    5.41443446154245E-18     -0.1475258991918011
191                       -0.03313537021221367     -0.15000000000000002     -0.05134224036052554
192                       -0.013723545669513799    -6.643839561760003E-18   0.058063940241947214
193                       -1.8694910949069063      1127                     -2.668104554781108
194                       2.094687661006034        1127                     -8.631941727548844
195                       -0.09691642143824439     -0.15000000000000002     -0.042574712417967175
196                       -0.026754821031761366    -0.15000000000000008     0.10417403189294473
197                       -1.9337430940157783      1127                     -2.4189950285212403
198                       -1.4005543586828777      1127                     -0.48558469929569736
199                       0.06774708499355482      -0.15000000000000002     -0.09857666405111529
200                       -2.912660215983627       1127                     -1.939097635592261
201                       3.076996903946831        1127                     0.36408929267851925
202                       0.9377983101069303       1126.9999999999998       -0.6369856518171507
203                       0.05122051414355355      -0.15000000000000002     -0.08158439079829466
204                       -1.2545949298728651      1127                     -1.8445808397896322
205                       0.06748815363735093      -0.15000000000000005     0.029523528687211014
206                       -0.030745439576298068    -0.15000000000000002     -0.07295746983333176
207                       -4.5611506404932545      1127                     3.0745853530903773
208                       -3.038715041737297       1127                     -3.5479249466033616
209                       0.026910717958317093     -0.15000000000000005     0.0976177590834852
210                       -6.874290558353297       1127                     -3.244212581130132
211                       0.024675049623835432     -0.15000000000000002     -0.05411346912676505
212                       0.044497750507494056     -0.15000000000000008     0.04611684285576515
213                       -0.14435122842563114     7.6718945406305405E-19   0.06766033428718227
214                       8.503268491675058E-4     -0.15000000000000002     8.212823931926077E-4
215                       0.07330244335326173      -0.15000000000000005     0.08833529227047072
216                       -0.021833426972548156    1127                     -3.8833530568074135
217                       -0.10582906875937388     -0.15000000000000005     -0.05579037017841004
218                       -0.07823361688872053     -0.15000000000000002     -0.046423325285454085
219                       0.7286025300931424       1126.9999999999998       -9.214721051972047
220                       -0.12532171574942974     -0.15000000000000002     0.024787657537867304
221                       0.0880033093044136       -0.15000000000000008     0.102288285702861
222                       -6.585157774804575       1127.0000000000002       -3.7246715570380187
223                       -5.978957719862151       1127                     1.935222138473777
224                       0.09373894716810084      -0.15000000000000002     -0.029272538353917413
225                       0.0699510137879076       -0.15000000000000005     0.026692351607973386
226                       3.745994455892913        1127                     -0.8019384442303692
227                       -0.09382407921952143     -0.15000000000000002     -0.10495733372528003
228                       3.067838270460179        1127                     -4.468822009013383
229                       -0.040340079365046806    -0.15000000000000002     0.06255960948133193
230                       7.774845835841754        1126.9999999999998       -5.687494338685809
231                       0.8645195399281043       1127                     3.6491357430211284
232                       6.002840630588216        1127.0000000000002       -4.962566481461295
233                       0.011202791135418042     -0.15000000000000002     -0.11864321794624619
234                       4.8862693479251105       1127                     0.3636077166201116
235                       -0.09531679451592082     -0.15000000000000005     0.0666120384348475
236                       0.017403580079037816     -0.15000000000000005     0.04656037236684226
237                       -1.2723518382119332      1127                     1.795066584549215
238                       -0.08754009242025461     -0.15000000000000005     0.08181024664828417
239                       0.04323948660205732      -0.15000000000000002     -0.06943477679799709
240                       -2.9114760571292013      1126.9999999999998       -0.9769299146144466
241                       0.0692129657434649       -0.15000000000000002     -0.045687139838158836
242                       -0.025635985364984806    -0.15000000000000005     -0.0476432865579404
243                       0.1784293287618906       1127                     1.868527927901615
244                       -0.0018476226455913882   -1.3979048570938164E-17  0.16598107125262843
245                       -3.170037295996652       1127                     -2.3454436436580814
246                       -0.07798393890933805     -0.15000000000000002     0.009346861095459862
247                       -4.313428423318814       1127                     -0.8185459681360523
248                       2.5782216485575473       1127.0000000000002       -1.22598061032228
249                       0.08994133828509723      -0.15000000000000005     0.0383158352011697
250                       0.0678642559950604       -0.15000000000000002     0.010283921883812434
251                       -0.06056580645657543     -0.15000000000000002     -0.05208446901769937
252                       0.083982901516125        -0.15000000000000008     -0.12196828041201702
253                       -0.08054725318061848     -0.15000000000000005     0.03663123851210708
254                       -0.07783719570892642     -0.15000000000000002     -0.006162487468605302
255                       -2.863117169220923       1127                     -1.6393017057759218
256                       0.054846599957610244     -9.838440969265964E-18   0.04169783836735311
257                       -0.02934793861263967     -8.325702388487183E-18   0.1163551934491601
258                       -7.150109375537258       1126.9999999999998       -5.922162647447994
259                       -0.0632204676808605      -2.0928824642392333E-18  0.03325058225132425
260                       -0.01655537229901579     -0.15000000000000005     0.014287267876191615
261                       -5.677624537731227       1127                     -3.5464094088161864
262                       -0.009111416170435404    -0.15000000000000002     -0.11972546681166871
263                       0.12353791245732618      -5.489280404826996E-18   -0.0980778728801992
264                       1.5438546661508525       1127                     6.08635264190932
265                       -0.10449237913741764     -0.15000000000000002     -0.04770465395529313
266                       -0.05090963863445609     -0.15000000000000002     -0.0934072545974151
267                       3.0207926045090336       1127                     1.6733751784739979
268                       -0.05503094304100712     -7.546095417772843E-18   0.11410629395580844
269                       -6.030418499967387       1127.0000000000002       -7.388405753165064
270                       -0.07106936455823605     -0.15000000000000002     -0.004025264150590919
271                       -0.11782262910855444     -0.15000000000000002     0.026607348780926996
272                       7.314571704959252        1126.9999999999998       -6.565191386022474
273                       -3.4651626903522406      1127.0000000000002       -0.36725624569066023
274                       3.168898525947636        1127                     0.5168533415838062
275                       -2.8297420626538843      1126.9999999999998       -0.05427284902036321
276                       0.020491907262560578     -0.15000000000000002     -0.11784608268875894
277                       -0.11704356088024649     -0.15000000000000002     -0.10244379547166321
278                       0.13556613075856205      -0.15000000000000002     -0.041902880705942974
279                       -0.013596742645525895    -0.15000000000000008     0.02077637309869352
280                       2.4494930081038477       1127                     -1.7025766336200856
281                       -2.4792750958247067      1127                     2.107219335115457
282                       0.05019738635856503      1.5897721694515847E-18   -0.14032207570982536
283                       -0.33038871051886104     1127                     -2.375782107144639
284                       0.9966182309796691       1127                     1.5258078175003726
285                       1.7299417796545047       1126.9999999999998       -4.768965993273857
286                       -0.1167941397977176      -0.15000000000000002     0.029561416397640195
287                       0.0560664247135282       -1.6498298263129136E-17  0.14885259365554773
288                       0.0550218425509772       -0.15000000000000002     -0.07218260274621303
289                       -0.05962926515607088     1.3458802799486007E-18   0.0055357934482344155
290                       -1.8632768091031768      1127                     -6.1698073300192995
291                       2.339122003454859        1127                     -1.6606012758099735
292                       0.5296228232245184       1127                     -8.23286428385509
293                       -2.509741702882362       1127.0000000000002       -1.773850137135939
294                       1.6446346621490047       1127                     2.2543417700917914
295                       0.8831347951528535       1126.9999999999998       -0.7880614937699966
296                       0.047225760993933746     -0.15000000000000002     -0.027727006099590064
297                       -0.004608692456928439    -7.106854318009087E-18   0.05651069183772707
298                       -8.739344277478596       1127.0000000000002       -0.533842940446381
299                       -0.04464512228556429     -4.033151721049568E-18   0.047204939466656784
300                       -6.0506796517564485      1127                     -4.427652173856069
301                       -2.909186393597045       1127                     1.0453864914301998
302                       -4.367152633770256       1127                     -1.183248107299937
303                       0.033859225240738214     -9.067537718934949E-18   0.0503611052993355
304                       -2.6085560002557204      1127.0000000000002       -1.1057387638778398
305                       -1.8876451171089106      1127                     -1.8807589910616382
306                       0.5389682542350664       1127                     6.018086042754174
307                       -0.508637922147459       1127                     -4.701430486052969
308                       -2.6036054213489814      1127                     -2.117716316750961
309                       1.283571858748151        1127.0000000000002       0.007875241660685239
310                       1.177533125583746        1127.0000000000002       0.9423784917340904
311                       3.015324343618269        1126.9999999999998       -6.0095674425588355
312                       -0.031671654385311644    -0.15000000000000002     0.09602102559578218
313                       -0.054089766718309354    -0.15000000000000005     -0.01955340141563821
314                       -2.3211426752594786      1127                     -0.8137134164831544
315                       2.2647433947953703       1127                     0.7960946262813853
316                       -0.6641361282111014      1126.9999999999998       -0.24255043286733804
317                       2.9670185775749744       1127                     -2.520413003593497
318                       5.066965553673635        1127                     0.9602990522356984
319                       0.07796487395652561      1127                     -3.4616948020996987
320                       2.028195058476996        1127.0000000000002       -0.03540050018453687
321                       -0.09119125359622358     7.510930282365419E-18    0.05362152936943433
322                       0.07204066849052125      -0.15000000000000008     0.09732276507562809
323                       -0.1412720468372286      -0.15000000000000002     -0.06092673879269513
324                       0.004954730096075739     -0.15000000000000002     0.12097924325726642
325                       -2.299818957539186       1127                     0.791631954378503
326                       -0.04423254242538965     -0.15000000000000005     0.05847771001233622
327                       1.9410448238141165       1126.9999999999998       -0.19040698230175115
328                       -2.9973396528129532      1127                     -0.008979248014041194
329                       -0.1285362498164331      -0.15000000000000002     0.067629630617929
330                       -0.013410101663102357    -0.15000000000000002     0.09221415728787062
331                       -4.309585493684163       1126.9999999999998       -1.0989837261606452
332                       -1.1687793451650803      1127                     -1.9032936766428197
333                       0.0893913799589587       -0.15000000000000008     0.08013478743684785
334                       -6.521332406008255       1127.0000000000002       -0.5384043788470175
335                       -7.946473456782491       1127.0000000000002       -4.545169267756181
336                       2.929718715371437        1127                     3.5634976002491223
337                       -3.227353540521049       1127                     -5.151747432205973
338                       -3.4969126594697335      1126.9999999999998       -4.4561296242572865
339                       0.08965875302406097      -0.15000000000000002     -0.07338937232372097
340                       -0.13070077730568813     -0.15000000000000002     -0.07898410988999209
341                       -0.007774255396935816    -0.15000000000000005     0.07975021025335999
342                       -0.04683074897065501     -1.077634068752195E-17   0.15866000855525608
343                       2.511800489780548        1127                     2.8784740687512467
344                       1.7351964970195308       1127                     1.2540742544444246
345                       1.3981319118953197       1127                     1.5496462858545876
346                       -4.456659194451713       1127                     1.5087345919436226
347                       -5.67621695797814        1127                     0.8904834220926847
348                       3.717111548421713        1127                     -0.948085349308924
349                       -2.764622165953644       1126.9999999999998       1.0615959389058696
350                       -5.3079225492715745      1127                     -2.747274619366782
351                       0.056214456408633755     -0.15000000000000002     0.007226463862247952
352                       -0.004707125288484869    -0.15000000000000005     0.06308687159767311
353                       2.9636689580550173       1127                     -2.215142022823283
354                       -0.11670849750534866     -2.506827232023299E-18   0.09348635351373155
355                       -2.989583744692774       1127                     2.595962151954764
356                       -0.08189050209989522     -0.15000000000000002     -0.02389686084058906
357                       1.0397650608327202       1127                     -2.116052529968988
358                       0.10321845266257652      -0.15000000000000002     -0.013905511728568503
359                       -0.34250525011485294     1127                     -1.7123161126528916
360                       0.1535912202856579       -0.15000000000000002     0.012308290432193324
361                       -0.06518056201077556     -0.15000000000000002     0.045400654912293184
362                       0.11941562711777218      -0.15000000000000005     0.0011263450116788627
363                       -2.1674767480288053      1127.0000000000002       -0.8997137609066582
364                       -1.8676448285885603      1127.0000000000002       -3.134374720309466
365                       -0.8971276579077291      1126.9999999999998       -0.7272333678588532
366                       -0.5859835795590588      1127                     -0.4515152602824109
367                       -0.15391103803398146     -0.15000000000000002     -0.010366148164201297
368                       1.5254341109617924       1127                     0.6716131542250953
369                       0.6665194679375354       1127                     1.2000752425564272
370                       -1.0374609915706388      1126.9999999999998       -3.376087762315287
371                       0.04243905753323517      -0.15000000000000002     -0.06804098624544562
372                       -5.94743573540442        1127                     -6.889103333114772
373                       -1.3150658470734389      1127                     -5.251317447546218
374                       -0.01802919490777657     -0.15000000000000005     -0.11533486097993448
375                       -4.173506011414407       1127.0000000000002       -8.828295299396688
376                       -0.046889888062518426    -0.15000000000000002     -0.017401246894423763
377                       0.10843047688461468      -1.826806391416157E-17   0.12574790788213108
378                       -0.028333240494897972    -0.15000000000000002     -0.05510912590290571
379                       1.4857026922993144       1127.0000000000002       -9.13413498173483
380                       0.05216782688549206      -9.009073055841197E-18   0.03079976200497591
381                       -5.342720864975887       1127                     1.1308306910272066
382                       -4.655038419380976       1127                     -2.590816729467283
383                       -2.3403354570353887      1127.0000000000002       -1.7089321939786477
384                       5.118308965888709        1127                     -2.854655340022425
385                       -0.07152448498459951     1.2650483466905463E-18   -0.01328302521881271
386                       -2.478359612476345       1127                     -1.318672223920498
387                       -1.3112408938644808      1127                     1.483139301135184
388                       0.10399740665163157      -0.15000000000000005     0.049590909098404024
389                       -0.016413891468966622    -0.15000000000000002     -0.058616004209718464
390                       0.09294370168685401      -0.15000000000000002     -0.06735668754953929
391                       -3.9449527313508677      1127                     -4.987257892287206
392                       0.09054525627031586      -0.15000000000000005     0.08062188107353796
393                       0.16003075368125236      -1.599238403454276E-17   0.03698295828018779
394                       -0.036411549035201746    -0.15000000000000005     0.06154763247394915
395                       0.060261796794410384     -0.15000000000000002     -0.06877233495790994
396                       -0.02805306173900637     -0.15000000000000002     -0.055283961016712777
397                       -0.047989614288728055    -0.15000000000000002     0.0329122028870666
398                       0.09945393114600568      1126.9999999999998       -6.532938826311249
399                       -4.350116417087415       1127                     -1.14265749113434
400                       0.019838380199962778     -0.15000000000000005     0.09255770949050009
401                       -0.7385692428250109      1127.0000000000002       -4.930355255975698
402                       3.4812097847039536       1127.0000000000002       -7.8275798225024005
403                       -1.650538302030329       1126.9999999999998       0.7586697794357713
404                       0.07432803299333933      -1.7222342216435153E-17  0.14280339396824507
405                       -0.028055784036221013    -0.15000000000000002     0.13382466670090903
406                       -0.06609729929206362     -0.15000000000000005     0.1365879218507634
407                       -1.8189776822864616      1127                     3.0285764740355634
408                       -4.337144421980132       1126.9999999999998       -4.775327645032343
409                       2.8071018404883445       1127                     -4.785174070601839
410                       0.04467384755847212      -9.090521061501707E-18   0.039817721904350796
411                       -2.588360779763164       1126.9999999999998       -1.209238700216561
412                       3.0782888400008304       1127                     -3.100407433311426
413                       -3.1838159462871807      1127                     -3.715417056451044
414                       -0.0244146415847496      -0.15000000000000002     0.05600997544706754
415                       -0.10970241393572254     -0.15000000000000002     0.026836588979707837
416                       2.8047322801246692       1127                     3.002291734033283
417                       1.5412317525164294       1127                     -3.5849959384866894
418                       -1.1308735793589751E-4   -0.15000000000000002     0.08432635927792273
419                       0.04988052559659624      -0.15000000000000002     -0.10632340543588716
420                       -0.13720710225783395     -0.15000000000000002     0.05236664279586867
421                       0.08336392930263065      -9.842932301498184E-19   -0.06119384650295286
422                       2.799310056209355        1127.0000000000002       2.6962994747334346
423                       -0.01384225571619732     -0.15000000000000008     0.06365191869461626
424                       -0.004184388072452346    -0.15000000000000002     0.08734368470513691
425                       0.005248256293292579     -1.1446408994235157E-17  0.12254595978292994
426                       -5.536891441057078       1127                     -2.6597056507816004
427                       0.048630587546943514     -0.15000000000000005     -0.051086614641941884
428                       0.15698619258390548      -0.15000000000000005     0.02029208757229448
429                       0.8816350923488944       1127                     -5.949551543854305
430                       -0.09930719923235222     -0.15000000000000005     0.06777179446075124
431                       0.05881266249629671      -0.15000000000000002     0.008372888487473397
432                       -1.2031175435954162      1127                     -9.990185195741475
433                       -0.09087919058568425     -0.15000000000000002     0.0617744896129538
434                       0.10868139752827394      -0.15000000000000005     0.006565354231233925
435                       -0.5160843637207723      1127                     -0.41776430472163895
436                       -0.07578725575276758     -0.15000000000000002     -0.002501432118208497
437                       0.11593950934095337      -5.755777516474071E-18   -0.0036468646625188623
438                       1.5907371662401517       1127.0000000000002       -0.7551546060999695
439                       -0.009685261668295116    -0.15000000000000005     -0.05436902757295426
440                       -0.16534650715095142     7.22062521605498E-18     -0.01673699106705833
441                       -1.4844114434166018      1126.9999999999998       -9.769023257059716
442                       -1.7525305861024183      1127                     -1.51970353362382
443                       2.002859662027644        1127                     -2.2887471074551295
444                       -2.5166755906590526      1127.0000000000002       -1.5407158009522457
445                       -0.05744666639466976     -0.15000000000000002     0.06867686666668597
446                       -5.588578484195381       1127                     3.2215137199212416
447                       -0.46408695538370887     1127                     2.2984925236840694
448                       0.11483648826730408      -0.15000000000000008     0.030911424762079667
449                       -6.232782630417088       1127                     -6.291878120806291
450                       -3.2475300133089724      1127                     0.5235683432578259
451                       -4.10795231216015        1127                     -4.489856815286149
452                       0.10094966835213515      -0.15000000000000002     -0.058668658689796475
453                       0.052254812084906836     -0.15000000000000002     -0.03409367531799396
454                       3.45063783180053         1127                     -0.8597081309370318
455                       -2.3159357544087653      1127                     -5.529771950938513
456                       0.08693820544128107      -6.982243284828124E-19   -0.13969707634550202
457                       3.0858641371087945       1127                     -1.2690897927095124
458                       -0.0031445409241072993   -0.15000000000000002     -0.05791885723903058
459                       2.17341772446979         1127                     -3.0350270080830732
460                       -0.05809712653523901     -2.19306261201489E-18    0.029750817433700154
461                       -3.3613485352586396      1127                     -1.2064868998034535
462                       -3.3802981401988808      1127                     1.6848169461091875
463                       0.042208719562701065     -0.15000000000000005     0.10834086516788688
464                       0.040695039658185175     -0.15000000000000002     -0.04837129164799349
465                       4.027520030411597        1127.0000000000002       3.328369209284746
466                       0.02556683026489481      -0.15000000000000002     -0.05591357952447424
467                       -2.941229141073777       1126.9999999999998       0.002708607024534205
468                       -0.08430785997358806     -7.440211732337882E-18   0.1416539990779525
469                       -0.047286823148658334    -0.15000000000000002     0.15093307474902593
470                       0.05905358972665233      -0.15                    -0.029828166571660774
471                       0.1041771518192159       -0.15000000000000002     -0.0550173096826824
472                       0.15761714163506788      -1.6645086471146783E-17  0.050088315923928116
473                       -5.056880734403187       1127                     -4.330072918994351
474                       -1.7198612343144377      1127                     -1.0182042725276148
475                       -0.054221764095605994    -0.15000000000000002     -0.06894760941666117
476                       -1.5283174450618047      1127                     -4.714536559473411
477                       -0.8660424411907177      1127                     -6.0642149846922395
478                       -0.05146149257366622     -0.15000000000000002     -0.10804087844318903
479                       -6.943256630271398       1127                     -4.394006959724972
480                       0.12160825780923971      -1.795503531643667E-17   0.10748778533393968
481                       -0.05387788067264291     -0.15000000000000005     0.09265417814923496
482                       0.09379936502928869      -0.15000000000000005     0.06704663305161067
483                       -0.0595557219653984      -0.15000000000000002     0.0742249982664363
484                       0.05177868837444159      -0.15000000000000008     0.06908689835859293
485                       -0.044605096568090044    -0.15000000000000005     -0.10175652088492422
486                       1.9274228335822374       1127                     -8.21932122670177
487                       -0.05454223032510157     -0.15000000000000002     -0.04388050640484832
488                       -0.1578654028032067      3.496509231663275E-18    0.03660133410535865
489                       -0.11229613372535109     -0.15000000000000002     0.027695690229643206
490                       -1.7961647980451771      1127                     4.723419023403628
491                       0.09607072011078456      -0.15000000000000005     0.0027007055531924574
492                       -0.12115822170099598     -0.15000000000000005     0.09474476266593766
493                       -1.294047429048956       1127.0000000000002       1.3620469404671143
494                       0.08690396064760395      -0.15000000000000005     0.11246736079535719
495                       -1.405850753969078       1127                     1.9757080270361178
496                       -0.5486694614468305      1127                     3.3853676722399704
497                       -1.8597732893662362      1127                     -1.9440795664052668
498                       0.11652326494217292      -0.15000000000000002     -0.023470893695263912
499                       -0.08543984999286429     -0.15000000000000005     -0.014391270369168842
500                       0.04315229079328489      -0.15000000000000005     -0.039195151363194104
501                       0.3931303130110792       1127                     -10.00772800891848
502                       0.09629835510312681      -0.15000000000000002     0.013334683132504337
503                       1.5086709300810897       1127                     2.9794951428028593
504                       -0.031191124933297187    -0.15                    -0.061221238110701064
505                       0.1123466620273641       -0.15000000000000005     0.02526745215665476
506                       -2.6435462756558508      1127                     -1.0667147171194145
507                       3.3715676376046964       1127                     3.509910630151157
508                       -0.02112090573677532     -0.15000000000000002     0.08272162359452576
509                       2.316759328565386        1127                     0.26154008982292265
510                       -0.34476253597669837     1127                     -0.8342926620589433
511                       -2.253496379090802       1127                     2.435883487433284
512                       -4.790629651465397       1127                     3.149248875573192
513                       -4.148053472393907       1127                     -4.1332275785639245
514                       -0.1460239463922885      9.855181719259344E-18    -0.07908512466906913
515                       1.7674183524442322       1126.9999999999998       -2.3225834949205817
516                       -0.02556001075956924     -0.15000000000000002     0.07743091369640766
517                       0.27399870844109986      1127                     2.0924817924561574
518                       3.6077330258440767       1127                     -1.3955949027624872
519                       1.2274146973126554       1127                     2.208857537648456
520                       -3.660288253990818       1127                     0.29795056694300487
521                       1.4489119613741137       1127                     1.0565411824860684
522                       -0.09838307439704669     -0.15000000000000002     -0.06993781125391567
523                       -0.11231003483500647     -0.15000000000000002     0.009526463930888796
524                       -0.06343624569295436     -0.15000000000000005     0.020578035379965335
525                       0.037615839323574894     -0.15000000000000002     -0.11509715484967566
526                       0.12282408409353883      -0.15000000000000005     0.1001281871641826
527                       -0.030570683576180042    -0.15000000000000005     0.038584570713386376
528                       -0.050415812162262756    -0.15                    -0.10238811381908455
529                       0.01649555759273089      -0.15000000000000002     -0.03170193247340648
530                       0.06203658767448561      -0.15000000000000002     -0.04975307372692087
531                       2.3483485539835383       1126.9999999999998       -6.031499244901928
532                       4.599845693212206        1127                     -1.4831585370029432
533                       -0.09072893704946593     -0.15000000000000002     0.07832465413610516
534                       0.018081435860595206     -0.15000000000000002     -0.11764758525312918
535                       -1.1255052172080793      1127                     -1.6951818009465207
536                       -0.056669790054788755    -0.15000000000000002     -0.010526962054699718
537                       -0.13836823657797048     1.1333906540913542E-17   -0.07906131119571116
538                       -2.4799011880457464      1127                     1.7399132434158435
539                       -4.1791065071077655      1127                     -1.798311477175395
540                       -0.022414773910323534    -0.15000000000000005     -0.059368117775696186
541                       0.02142625441698553      -6.523898348083337E-18   0.08423950469366429
542                       -0.1228979064732481      -2.653576724843877E-18   0.1020687209176514
543                       0.07188399124104049      1127                     5.979107434846656
544                       -0.028474955790811954    3.275130798029612E-18    -0.09089110581034503
545                       2.6300618415028003       1127                     -1.68336014445267
546                       -0.005111475177641997    1126.9999999999995       -0.8375649024332439
547                       2.992880218457803        1127                     -2.807469561621474
548                       -3.4844481193153083      1127                     -2.2804331457670206
549                       1.603154838813698        1127                     -9.280510417863445
550                       -2.87610508769872        1127                     0.7648499272825674
551                       0.10468301178668002      -0.15000000000000002     -0.019070186583812303
552                       0.9064996949874835       1127                     2.5665769729938277
553                       -2.284901234983768       1127                     1.9703184485286127
554                       0.6537511983393265       1126.9999999999998       -1.224687240925897
555                       -0.07207694859717997     -9.078307222769479E-19   0.023615607323189687
556                       -2.7648039583552015      1127                     0.024786980441032665
557                       -2.8120403232718956      1126.9999999999998       0.002454256909233051
558                       -0.13452700923438407     -0.15000000000000002     -0.0719005573623749
559                       0.014174206261844326     -0.15000000000000002     -0.023778864082901394
560                       8.659925463862383        1127                     -3.167700469227977
561                       -0.06336381171016481     -0.15000000000000002     -0.09085524018149811
562                       -0.04930891993389414     1.5233575179775159E-18   0.10044645755753999
563                       -1.6641381055061146      1127                     -0.7203289865235135
564                       0.05159488041852985      -0.15000000000000005     -0.05252787130641979
565                       2.1215869012219324       1127                     5.946546236677614
566                       -0.15267638819341564     8.30893858913498E-18     -0.04718061621164697
567                       -4.673459106613337       1127                     -6.458769761664136
568                       2.477911603164504        1126.9999999999998       2.7086114098582397
569                       -1.363929058472817       1127                     -1.6695914620072427
570                       -5.989615921721532       1127.0000000000002       4.652636461146176
571                       -2.434768853979964       1127                     -0.45200170903280856
572                       -2.5739751127502286      1127                     -1.0994992033054982
573                       -0.08278279297013978     -0.15000000000000002     -0.05185120197246736
574                       0.018601140075795827     -0.15000000000000005     0.10960205770539327
575                       0.011969143327280548     -0.15000000000000002     -0.03030078225105737
576                       0.00794632074804858      -0.15000000000000005     0.12077144552446804
577                       -0.10844141705617494     -0.15000000000000002     0.053318090806468335
578                       -0.04883662555696546     -0.15000000000000002     0.054950087132222325
579                       6.909785625446408        1127                     2.4145567282531055
580                       1.291240139011889        1127.0000000000002       -2.0448053209128805
581                       0.015282663586654319     -0.15000000000000008     0.08822575448405802
582                       -2.30215015176047        1127                     3.937834847149802
583                       0.043640687945427144     -1.1582496632208839E-17  0.11082114875127634
584                       0.16307493514176247      -1.608561547377022E-17   0.0354613617689442
585                       -0.036684095625778       -0.15000000000000002     0.03638146512608061
586                       -1.5482458286012155      1127                     -0.9032404395880358
587                       3.421458514077046        1127.0000000000002       0.8677035820201346
588                       4.252431465591188        1127                     0.9921678598073495
589                       0.7151845014643047       1127                     2.7768171208512005
590                       -0.7894202094713977      1127                     5.972142634858013
591                       0.07194111116052698      -0.15                    -0.026448553687220402
592                       -1.424957648695083       1127                     3.5577538896990752
593                       0.08009260385163382      -2.1148366778017E-18     -0.04410455608595397
594                       -0.011056355364631627    -0.15000000000000002     -0.08684951266912629
595                       -0.07533505869084087     -0.15000000000000005     -0.01998398984355083
596                       2.300556452552686        1127                     -1.2626140325728616
597                       0.051104754772603685     -1.1171461913440778E-19  -0.08764628847539327
598                       -4.446781280317188       1126.9999999999998       2.5879859925654722
599                       0.037031579585660404     -0.15                    -0.10972725432420662
600                       0.09527348833705386      -0.15000000000000002     0.00409369493207552
601                       -0.13782810994289799     5.421978202980938E-18    -0.014881253392689678
602                       -2.473473702356794       1127                     -0.9263310939714672
603                       -2.143708711648438       1127                     -1.2733059987980568
604                       -0.05376841771649        -2.899526540939785E-18   0.03721050274721321
605                       1.4436856493682835       1127                     2.0357193591287466
606                       -0.02000675408253789     -0.15000000000000002     -0.061330407203408294
607                       -3.373798743976279       1127                     -10.50775260937185
608                       -0.7622650778455842      1127                     5.409312643697924
609                       1.3672547067926106       1127                     1.422337480442506
610                       3.7156917147716264       1127                     1.685331752303691
611                       -2.2682328601677413      1127                     -2.8841282365709535
612                       -1.9111673595520806      1127                     -1.0371048390555317
613                       0.11868915817522492      -1.3392952383679962E-17  0.035915077778375284
614                       0.03784579805504851      -0.15000000000000005     0.040989071717412194
615                       0.1047018700372365       -0.15000000000000002     -2.1197972821945777E-4
616                       -0.1187666437622572      6.422368416844695E-18    -0.05027994323551499
617                       -0.16355968928420603     7.29528713772386E-18     -0.019743130647147757
618                       -5.639446002657561       1126.9999999999998       3.734923463233077
619                       0.030725582220091217     4.143299033099052E-20    -0.09749753133355776
620                       -0.05427358210716491     -2.054139194499936E-18   0.10232644829687045
621                       3.9588369910483703       1127                     -1.393963563885832
622                       -0.028192289622563763    -0.15000000000000005     -0.05439637948436722
623                       -0.08748403580624538     -0.15000000000000005     -0.030132509189855498
624                       0.05530436582111527      -0.15000000000000005     0.0055011239930908154
625                       -0.11515349011329412     -0.15                    -0.031173900296140245
626                       -5.280388623285466       1126.9999999999998       -0.626731853378229
627                       0.004124889765753958     1127                     -1.2531858573937797
628                       -5.120708509851785       1127                     -0.4529218100151859
629                       -2.144507866735423       1126.9999999999998       -10.545421131250073
630                       0.033874126538090875     -0.15000000000000005     0.08613081873979725
631                       0.0437819767402528       -0.15000000000000005     0.13078261559688353
632                       -0.015260036181415509    -0.15000000000000005     0.07337318537215229
633                       3.5955771145596076       1127.0000000000002       5.569738041945299
634                       -0.011058215671125804    -0.15000000000000005     -0.05226869956419591
635                       0.04005891124175533      -0.15000000000000002     0.008950693409396023
636                       3.628572421301425        1127.0000000000002       -2.394270241888456
637                       -0.42928295499535507     1127                     -4.858298173263754
638                       0.005811040723992754     -0.15000000000000002     0.024807749739203314
639                       0.025837462916578745     -0.15000000000000002     -0.0979501810445881
640                       -0.07507872893766591     -0.15000000000000002     -0.03959846670914779
641                       2.6243455782966834       1127                     -0.9421635946807231
642                       -0.8414047464890204      1126.9999999999998       -0.34678028211694956
643                       -2.1752942953205503      1126.9999999999998       -9.305422305701686
644                       0.6764217383512963       1127                     -3.722666628826208
645                       -0.05271258766135882     -0.15000000000000002     -0.05108151697687523
646                       0.10206094614258912      -0.15                    -0.03404906786614765
647                       -0.11938522890655749     -0.15000000000000002     -0.020376924647301817
648                       -0.07446298778267835     -0.15000000000000002     0.06623969286534123
649                       -0.6787530361586701      1127                     -1.446147635754945
650                       -0.033095899441904914    -0.15000000000000002     0.11078332620229395
651                       -0.9965946129126763      1126.9999999999998       -6.283676818872274
652                       1.4102421481071779       1126.9999999999998       4.406271440530869
653                       -1.8811416070927536      1126.9999999999998       3.731447099952777
654                       1.6241160031263395       1127                     2.237793664188458
655                       -0.07236701132320747     -0.15000000000000002     0.06464210673956468
656                       1.7785653446528351       1127                     -0.8241883479690338
657                       0.07102559784091242      -0.15000000000000002     -0.08460360838437234
658                       0.04516049568420522      -1.200941618030236E-18   0.08727944158326797
659                       0.034524047113724525     -0.15000000000000005     0.07303587460669764
660                       0.06543070654219328      -0.15000000000000005     0.08104992998351537
661                       -0.08400902643590115     -0.15000000000000002     -0.009874387153073315
662                       -0.698262171728774       1127                     -1.3157250593279082
663                       4.543286492265921        1127                     -1.8043539164938194
664                       -0.11206566024337858     -0.15000000000000002     -0.025923410018588958
665                       6.121971125787427        1127                     -1.287869814811509
666                       -1.946515829223559       1126.9999999999998       -0.07994215687290564
667                       -3.5788160398795177      1126.9999999999998       1.124335859071409
668                       0.054311069810482435     -1.0699154708370064E-17  0.05635221030690121
669                       0.006776031997999143     -0.15000000000000002     -0.06636497926805832
670                       0.485090962066572        1127                     -5.053934830883452
671                       -0.06048554118466607     -0.15000000000000002     -0.12997624894280396
672                       0.06837451571591768      6.73600465132484E-19     -0.1435369856753178
673                       -0.07740828800161532     -0.15000000000000005     -0.09319530217576415
674                       -1.3745423919406363      1127.0000000000002       -7.716072423019799
675                       -0.04608598322917779     -3.8338865337913805E-18  0.044536362330619514
676                       0.07393127787073037      -0.15000000000000005     0.018182302443689746
677                       -2.3771023013716546      1127                     -0.5721896984841985
678                       -1.3927648185582928      1127                     -2.0424020294854346
679                       -6.5642329934998465      1126.9999999999998       0.021165639690278036
680                       -0.09604213067959227     -0.15000000000000002     0.041976128735180085
681                       -0.25711610519376193     1127                     -0.31715871836265114
682                       2.4854698007209692       1126.9999999999998       2.2441695729435605
683                       -2.2603950900176444      1126.9999999999998       -1.8866621321938801
684                       -0.0927553384569034      -0.15000000000000005     0.03664445611562049
685                       -0.09047373082058228     -0.15000000000000002     -0.009148186397951234
686                       3.2646675133235377       1127                     -0.7410165920386027
687                       -0.026033073415429805    -0.15000000000000002     0.05866677424575104
688                       -1.814333417117205       1126.9999999999998       -2.7876701305217004
689                       -0.11735331267291679     -0.15000000000000005     0.023553276794978702
690                       -2.577444082745026       1126.9999999999998       -2.456092502540062
691                       -0.045132775491227545    -0.15000000000000008     0.06103667862997051
692                       -5.648264843771743       1127                     -2.5994923928932474
693                       0.008251343785197691     -0.15000000000000002     0.15313125855149443
694                       -1.9922152925954217      1127                     0.5697152906927252
695                       3.3635186663397256       1127                     -1.3659713031996932
696                       0.04596524812878851      -4.409848479536509E-18   -0.0380641964115751
697                       -2.4212660588362387      1127                     1.7320149957397748
698                       -7.1139138568938804      1126.9999999999998       4.557189525995695
699                       0.057725673474629535     -0.15000000000000002     -0.007282432171464487
700                       0.05216672489693382      -0.15000000000000005     0.03377676941604548
701                       -0.052070817761923065    -0.15000000000000002     0.10084358329464566
702                       -0.0376415855090013      -0.15000000000000005     0.08184628006979804
703                       5.652364339853771        1127                     0.39830794653904156
704                       -0.01039976163418992     5.651284123698505E-18    -0.14605445157774116
705                       -0.14004881889358198     -0.15000000000000002     0.06565645110522135
706                       -1.8212532370674244      1126.9999999999998       -1.8055066179997776
707                       -0.06265100548059167     -0.15000000000000002     0.10013985228911124
708                       2.9786643092500746       1127                     0.021643009660910914
709                       0.112674419904403        -0.15000000000000002     -0.017959594927423803
710                       0.06523483286219783      -0.15000000000000008     0.08026776930292613
711                       -3.2973110722543         1126.9999999999998       3.1624932557072842
712                       -0.7236039255057567      1126.9999999999998       -7.719735211439484
713                       -0.03450690315581444     -0.15000000000000008     0.1114670258471556
714                       -3.621127696702346       1127                     0.40850462465860904
715                       -0.04182569641878388     -3.920467749634824E-18   0.04208543504555442
716                       -0.08235467499507543     -0.15000000000000002     0.03216734162512725
717                       -0.015554308792791521    3.997867298045351E-19    -0.05455646513123277
718                       1.7533543862488168       1127                     -3.5937491355272604
719                       -0.05738639484293681     -0.15000000000000005     0.02337711278371435
720                       0.03310818464852275      -0.15000000000000002     -0.024474398245023427
721                       2.4393040952100495       1127                     -0.09340979173414066
722                       -1.0657294218309663      1127                     -0.5445531692908969
723                       -0.6682199428810732      1126.9999999999998       -0.6283721584404247
724                       -4.0298961397770015      1126.9999999999998       -1.6696683751666126
725                       0.1267970916105159       1127                     1.7995341956799078
726                       0.027555598846471772     -0.15000000000000002     0.11337089942076266
727                       -0.042224807482896       -4.448144486563536E-18   0.05070678023566358
728                       0.08502392146806423      -0.15000000000000005     0.06048707440463069
729                       5.298154551375311        1127                     1.7557570186380818
730                       -1.2216574632441635      1127                     -8.619600530476724
731                       0.006140503959538711     -0.15000000000000002     0.0458614746071865
732                       -0.0824060151930924      -7.728203919916711E-18   0.14445542364465702
733                       -6.165568218618394       1127                     -6.546074932235171
734                       -0.04005280711856571     -0.15000000000000005     0.03691948130079786
735                       -0.04838853773495463     -0.15000000000000002     -0.034337284350313906
736                       1.4795426615602407       1127                     1.3869116819466414
737                       -2.844784663370948       1126.9999999999998       -2.9104197682561366
738                       -1.7655085762803167      1127                     1.138203671616457
739                       -0.059526360985921234    -0.15000000000000002     -0.07341551035466211
740                       -0.043966710764607876    -0.15000000000000005     -0.02051461407655677
741                       0.11531835345461726      -0.15000000000000005     -0.02525028984490871
742                       1.0548529606702353       1127                     1.3167634324199555
743                       1.957520887209468        1126.9999999999998       0.23044517768600625
744                       -0.06191764995040008     -0.15000000000000002     -0.006491881697641651
745                       0.06946269208620116      -0.15000000000000002     0.00952595525641929
746                       -3.290851909865964       1127                     -2.606548293817815
747                       0.11851638813898052      -0.15000000000000002     0.022027493343685867
748                       -0.07184170826005594     7.903825563292916E-18    -0.06216157859050461
749                       2.795783465657508        1127                     1.843161518932817
750                       -0.042822843954254       -0.15000000000000005     -0.10913173105636782
751                       0.8801926533695656       1127                     0.4043816439057422
752                       -2.161732898853819       1127                     -1.585129555001983
753                       -2.748189870667932       1127                     -0.8872568915291538
754                       -0.10673457629643583     -0.15000000000000005     0.03711612248492333
755                       0.08787919724314523      -0.15000000000000002     -0.013854406439087339
756                       -4.0240981122166835      1127                     -2.502421863256276
757                       -0.10114881435173276     -0.15000000000000002     -0.014303411927285714
758                       0.060560912168418045     -0.15000000000000008     0.0058406329624561895
759                       -4.747079489197842       1127                     -1.2601694074200556
760                       -0.05251758719989571     -2.452041216594204E-18   0.0284342616828553
761                       -0.11408394298760326     -0.15000000000000005     0.03957192401814582
762                       1.0393018056883416       1127                     -7.627717110424002
763                       -0.09286243608354719     -0.15000000000000008     -0.07657709363120398
764                       2.410663046423626        1127                     6.738148800023888
765                       -1.743696683404606       1126.9999999999998       -1.1293431614177358
766                       -0.082027625741399       -0.15000000000000008     0.03290884460385826
767                       0.6340230271350649       1127                     -0.8075707511181996
768                       -1.9664120584789473      1127                     -8.213470328048023
769                       -5.241400636620441       1126.9999999999998       -5.198142251209491
770                       -0.0018727739630818873   -0.15000000000000008     -0.0536245497259088
771                       -0.08862963668888457     -0.15000000000000002     0.10705474671151567
772                       -0.008796618469702517    -0.15000000000000002     -0.15488228697998765
773                       0.14980014219800203      -0.15000000000000008     0.03143535960461191
774                       -2.107082215724713       1127.0000000000002       -3.2761296360099497
775                       0.0416213683428994       -0.15000000000000005     0.0552753389749646
776                       0.8376109507663217       1127                     -3.2252613084343147
777                       -1.387533657293765       1127.0000000000002       -2.0654698390844533
778                       -2.437772350878153       1126.9999999999995       -2.0874093464311283
779                       -4.247395473539201       1126.9999999999998       2.846611498681373
780                       0.028487185055686683     -0.15000000000000008     0.08600664394939876
781                       -3.9858494231193595      1127                     2.5875217627905407
782                       -0.006421678220221204    5.1533352162053624E-18   -0.14188139050462956
783                       -0.006714706264502691    -0.15000000000000002     -0.08910624380208348
784                       -2.061243515706486       1126.9999999999998       -0.803828435324688
785                       -0.08000594718357994     1127                     -5.646224117295356
786                       -0.10827649557606941     -0.15000000000000005     -0.0571800109548403
787                       0.05266009133720147      -0.15000000000000005     -0.046221479728620396
788                       0.7622599973596392       1127                     1.5039543690883812
789                       0.3217590196686141       1127                     0.9743213547225132
790                       3.880872282090652        1126.9999999999998       2.247742469445769
791                       0.0030768953222985707    -0.15000000000000002     0.1530738800777979
792                       0.6198190968883425       1127                     -4.057201149611654
793                       0.043560859970013        -0.15000000000000005     0.07472393717044645
794                       -0.06574364374414524     -0.15000000000000005     0.09152483108906834
795                       -2.2035365608517603      1127                     -5.938952477195055
796                       -3.1536680459583923      1126.9999999999998       1.2215278726992809
797                       0.4970430458465801       1126.9999999999998       1.8528984208123742
798                       -0.03612808475030747     -0.15000000000000002     0.10298819044307932
799                       0.14010972675387243      -0.15000000000000008     0.053079503067408135
800                       -2.1086953288921952      1127                     2.9951231336602953
801                       -0.037752256492635375    -0.15000000000000002     -0.03885687709053504
802                       6.095820027804934        1126.9999999999998       -4.869572711940308
803                       0.09858838187399582      -0.15                    -0.06768210878969663
804                       -0.21213309724649343     1126.9999999999998       3.1422910098117374
805                       0.37421101073484175      1126.9999999999998       -0.4549104745381494
806                       -4.697113476309722       1127                     -0.9432526863219486
807                       -0.007593927745149086    -0.15000000000000002     0.030739967059160545
808                       2.6862033860932684       1127                     -0.47982894901777023
809                       0.8947491308704602       1127                     1.8681887883479753
810                       -6.43833695476445        1126.9999999999998       -2.4774560911457346
811                       -4.2559084467286326      1127                     -0.01989984270034194
812                       -6.288645372694224       1127                     -2.8063917484141023
813                       0.06372535341959042      -0.15000000000000005     0.1026499855310786
814                       -2.4610593654939152      1127                     0.7253264525948973
815                       -0.01721294302956632     -0.15000000000000005     -0.026809523447169314
816                       0.7482704950537735       1127                     4.879162733741721
817                       0.06370611947928498      -0.15000000000000008     0.13256801273989902
818                       0.026680954292680054     -0.15000000000000002     0.06010647970465612
819                       -4.0997261654085655      1126.9999999999998       -8.211030835562097
820                       -0.00858441655749535     -0.15000000000000005     0.08223532733122434
821                       0.7216265247674083       1126.9999999999998       -7.171779068263142
822                       0.01670522921916758      -0.15000000000000002     -0.06728819198826472
823                       0.09447131302944578      -0.15000000000000002     -0.05318365803932637
824                       -0.13975782193007255     -0.15000000000000002     -0.0659385253618733
825                       8.054954420118763        1127                     -1.8779313478048398
826                       0.14643265315546192      -0.15000000000000002     -0.013339178077970217
827                       -6.933756327640146       1127.0000000000002       0.3388732035260251
828                       -5.182611116259437       1127                     0.09281208046685105
829                       -0.04305753455076901     -0.15000000000000005     0.03183861894160836
830                       -0.2581989859978916      1127                     -5.350118568190372
831                       0.02989697196654708      -0.15000000000000002     -0.04730431709191656
832                       -0.053197421619123345    -0.15000000000000005     -0.005846861290908436
833                       -0.14627228123794295     3.4568189114658663E-18   0.02565388888579866
834                       -0.05323370019172152     1127                     4.999133035970737
835                       0.06866994991183031      -0.15000000000000005     0.02641157127870272
836                       -0.0482585317939436      7.324259426541979E-18    -0.13551744152070877
837                       -0.10538517349265672     -0.15000000000000002     -0.08919108408659819
838                       -0.04393332073775209     -0.15000000000000002     0.06766853095275922
839                       -0.10036351015086688     -0.15000000000000005     0.02126339902260318
840                       -0.024093745603402106    -0.15000000000000008     0.0899402440937567
841                       -0.11739028598273915     -0.15000000000000002     -0.02131933059324922
842                       0.0358558718647354       -9.791970220946674E-18   0.06152472323949145
843                       -0.06917847873238965     -0.15000000000000002     -0.09944298023205797
844                       -0.06248503190554161     -0.15000000000000002     -0.08258975825098225
845                       -2.482933620885024       1127                     -0.7739433803574985
846                       -2.795012352540825       1127                     -5.223910065978495
847                       -2.6063718919979233      1127                     3.656172751694718
848                       0.11452937265105592      -0.15000000000000002     0.013390680668626148
849                       -6.988402989058891       1127                     -0.7915233966488827
850                       -1.6686330485193386      1127                     0.0023241433157335485
851                       -1.4128261702456908      1127                     -0.1471146868413524
852                       -1.1891626238553352      1126.9999999999998       -2.301230180556352
853                       1.7537738213010627       1127                     -1.021393773935536
854                       0.10856341618255343      -0.15000000000000002     -0.034608780900901415
855                       -2.2286998498742854      1127                     -1.6293312481475033
856                       0.025709494157150427     -0.15000000000000005     0.09692076399986614
857                       -2.2531430731104916      1127                     -6.981785005293013
858                       -0.059869900614665586    -0.15000000000000002     0.09930667870323434
859                       -2.1569032510509714      1127                     3.573753330290776
860                       1.2746179148180397       1127                     5.27627033779914
861                       -2.2877202457778174      1127                     -1.352343659092716
862                       2.9120741794761438       1127                     -5.782990249273977
863                       -2.955653792048539       1126.9999999999998       3.7279811533632587
864                       -0.7851344686853394      1127.0000000000002       -2.028403199484491
865                       -0.1132062296524173      -0.15000000000000002     0.02997138644571136
866                       0.10548667800602347      -4.950469170976733E-18   -0.08886566207852763
867                       -0.060188472673510705    6.767114088247553E-19    -0.015024802851942276
868                       -7.055113825424755       1126.9999999999998       -2.570905694226921
869                       -4.5343861776347785      1127                     -4.1280011944173545
870                       0.049072832319631304     -1.0165506890999722E-17  0.06815409394017613
871                       -2.7250374858629565      1127                     -1.2583435908421805
872                       0.04772628249164978      -4.197660496545318E-18   -0.04318323905722896
873                       -0.001023931476882942    -0.15000000000000002     -0.11669406649005833
874                       0.049570736113957875     -0.15000000000000008     0.10748007985973425
875                       -0.044761564619824       -0.15000000000000002     -0.06315450120220607
876                       -0.009818765680410717    1.6449453906868267E-18   -0.08120697075272919
877                       -0.5450755136432218      1127                     -3.620937995789349
878                       -0.050794462841084194    6.044176179916574E-18    -0.0894267393126756
879                       -5.023008098705446       1127                     1.3584556218997605
880                       5.621409892434828        1127                     -4.628170788152597
881                       0.012683440655222844     -0.15000000000000002     -0.09941112393050315
882                       -0.008435779073796418    6.6727868376957135E-18   -0.16464784887246658
883                       -0.08506390280663793     -0.15000000000000002     0.027505740890911755
884                       -2.4486675956600505      1127                     -1.7768632206346382
885                       -1.6589244724625145      1127                     4.111197672601977
886                       2.9808585441266513       1127                     -3.654538552622146
887                       0.050645444506112254     2.6541640917412426E-18   -0.15808798406325872
888                       0.10943141622594994      -0.15000000000000002     -0.09896236289074492
889                       -7.014532950104569       1127                     -1.6589166962516355
890                       -0.1291876702152137      7.181934046158295E-18    -0.05226395324635811
891                       -1.1665893399042835      1127                     -2.0423597139740495
892                       -4.677175584916421       1127.0000000000002       -3.0956164575661336
893                       0.04414834587218552      7.374139727355579E-20    -0.09831798726485684
894                       0.08894199093867032      -1.4546126837326648E-18  -0.12934810256933613
895                       -0.414410277338507       1127                     -2.2537030881214353
896                       -2.1434898884563895      1127                     -0.7399178078655595
897                       -0.005889394917599784    -0.15000000000000002     0.06612733119272866
898                       -2.2187871026089603      1127                     2.941084127314386
899                       2.37573841011863         1127.0000000000002       -0.287762854800613
900                       -0.0011990092287168066   -0.15000000000000002     -0.03229628413417073
901                       6.285057490428024        1127                     -6.91674384867739
902                       0.007735612023087959     5.473528719909058E-18    -0.16128685918940974
903                       0.14919271414573695      -0.15000000000000002     0.027812615819550062
904                       -4.593064153759679       1127                     4.706984732694577
905                       -5.749079530231953       1127                     0.11652171321603866
906                       -0.05574782102152625     -0.15000000000000002     0.007496293518720685
907                       -0.07350317866901832     -0.15000000000000002     -0.03091534183193606
908                       -6.678890672809007       1126.9999999999998       -6.142055424948848
909                       -3.3589782587749157      1127                     2.5811119957074773
910                       -0.06052561496880606     -0.15000000000000005     0.07918490510028414
911                       -0.6645808977178311      1127                     -0.8354360157781092
912                       2.822513329994894        1127                     -0.7275446091565645
913                       1.8768659281693905       1127.0000000000002       -2.295836682005128
914                       0.015799430231925166     -0.15000000000000002     -0.051355695948080454
915                       -0.8591413944401356      1127                     2.6982493299809414
916                       -4.154550744577721       1126.9999999999998       0.16642381273053475
917                       2.63954883940146         1127                     -0.6302951168921246
918                       -1.9512119065536377      1127                     3.351264745084296
919                       1.7764189383482625       1127                     -0.04585444878446617
920                       -0.7927416216209356      1127                     -1.19432742960605
921                       0.07618156265739262      -0.1500000000000001      0.03699456146030707
922                       1.396915937641481        1127                     0.3729197978983474
923                       0.07777310281052131      -0.15000000000000005     0.05359552739139307
924                       -7.3741883475750996      1127                     -6.514129859214734
925                       0.025092378837646416     -0.15000000000000005     0.014906804460913853
926                       -0.2239104821172039      1127                     -2.033473294859164
927                       2.8006304645558096E-4    -0.15000000000000002     0.10972433207604362
928                       3.6915904654826903       1127                     0.2800977909983072
929                       -3.619026534688751       1127                     -1.1291868297345815
930                       0.051411969716912365     -0.15000000000000008     0.02763162920472088
931                       -3.5060516688025327      1127                     6.881159761827189
932                       -0.1021065580742024      -0.15000000000000005     0.042165561200467
933                       -8.70215616812391        1127                     -2.8933454682366704
934                       -0.03618576319797884     -5.447258983474449E-18   0.061023014034276145
935                       0.04617863228390215      -0.15000000000000002     -0.005856503178832464
936                       0.08748899284238977      -0.15000000000000005     0.06352329859978359
937                       -1.189757421836001       1127                     4.009595916685005
938                       0.07607445573999022      -8.519851589198597E-18   -0.0010964597179838125
939                       4.697281439853945        1127                     5.708489287546087
940                       -3.286804328749887       1127.0000000000002       0.8608707519579145
941                       4.068253188699846        1126.9999999999998       -1.6433529295151088
942                       1.4034762840380162       1127                     1.066664407547028
943                       -0.12002418312851623     -0.15000000000000002     -0.0047076822342271545
944                       0.027364046601889846     -0.15000000000000005     0.059596595090369124
945                       1.0235365125779992       1127                     1.4217176713760862
946                       -2.856954596845552       1127                     1.4240445866308808
947                       -0.07011317746636493     -0.15000000000000002     -0.015397381118481612
948                       -0.04514840176320123     -0.15000000000000002     -0.07569682113756536
949                       -0.06019459477196399     -0.15000000000000008     -0.053501658660614855
950                       -5.356319751085959       1127.0000000000002       -1.4676251566190492
951                       -0.041011660531032425    -0.15000000000000002     0.11398113868749492
952                       1.485221094946855        1127                     -3.1829698259742756
953                       -0.04118604043163873     -0.15000000000000002     -0.030237567099458535
954                       -0.14891558227800983     1127                     1.4045168759869606
955                       -0.07776866819957903     -0.15000000000000002     0.038602724887377836
956                       -1.215852698002282       1127                     3.078491350887703
957                       0.0032526267829784015    -0.15000000000000002     0.06276393574107465
958                       -0.1254137904942913      -0.15000000000000002     -0.09576512604236602
959                       0.05612730124174322      -0.15000000000000002     -0.0747947048135201
960                       0.0945872084108272       -0.15000000000000002     0.07566229077004546
961                       -0.016942152361039176    -0.15000000000000002     0.06852487606717107
962                       1.4389919870178178       1127                     0.4094543851324491
963                       0.8539373920935147       1127                     -5.531473320575577
964                       -5.847431535166789       1127                     -0.22394537474799758
965                       6.553692960631814        1127                     2.6804354131984955
966                       -0.04097984721766779     -0.15000000000000002     -0.03987642684952766
967                       -2.3137174090431376      1127                     -9.028631393708533
968                       1.81044718542657         1126.9999999999998       0.3808733616599338
969                       -0.050725430737654585    -2.8004005767526693E-18  0.03230748177272291
970                       0.04922163878952911      -0.15000000000000008     0.054774168378623506
971                       -5.96267399087272        1127                     2.195936585769042
972                       -3.1026382862510973      1127                     -5.4756148651773815
973                       0.08198597441928701      -0.15000000000000005     -0.021563313813376526
974                       -6.043340229488749       1127                     -4.8163723769480224
975                       -0.07105377282028627     -0.15000000000000002     -0.09729785382695874
976                       -1.8742963882118442      1127.0000000000002       -3.8349412456693455
977                       0.658188058370154        1127                     -9.30807856720395
978                       -0.9957410230418016      1127                     -2.1749128569842164
979                       -2.427778199376539       1127                     -0.4654603680234104
980                       -0.07337404258348913     -0.15000000000000005     -0.00650216459846737
981                       -0.12124414194823678     -0.15000000000000002     0.05868841582845801
982                       0.057256617947658926     -0.15000000000000008     0.09655648104975077
983                       0.06905298710158629      -0.15000000000000002     0.012802316865786735
984                       -3.4869622997804415      1127                     -6.247346911680039
985                       0.05621756876064029      -7.218187553206813E-18   -0.002497359667862001
986                       -0.11375091817599002     -0.15000000000000005     0.10752337420278027
987                       -0.09778874583798182     -0.15000000000000002     -0.10096177435531056
988                       3.237897837380669        1127                     5.208668446106011
989                       2.028021930791998        1126.9999999999998       -2.1090499124658466
990                       -0.04418122187239483     -3.709891193359869E-18   0.04060660339056861
991                       -3.1220896996475673      1126.9999999999998       -1.3371159280408544
992                       -1.0908373864880176      1126.9999999999998       -0.553534863451994
993                       -0.09955173208534134     -0.15000000000000002     0.063204364546949
994                       -0.10012484797793644     -0.15000000000000005     -0.012223872055096428
995                       2.654509839232635        1127                     -4.639170960149969
996                       -5.929424146854216       1126.9999999999998       -0.6574491597488559
997                       0.748894146354837        1127                     -0.9380282407182793
998                       -0.13906807753574113     -0.15000000000000002     -0.0642702825201153
999                       0.2937215066856061       1127                     2.231569312420528
1000                      -0.06037659044097537     -0.15000000000000008     -0.0570246267791181
