133.540175 4.0
133.570525 5.0
133.600875 11.0
133.631225 11.0
133.661575 18.0
133.691925 10.0
133.722275 10.0
133.752625 10.0
133.782975 6.0
133.813325 7.0
133.843675 6.0
133.874025 0.0
133.90437500000002 2.0
133.93472500000001 3.0
133.965075 2.0
133.995425 8.0
134.025775 4.0
134.056125 9.0
134.086475 5.0
134.116825 3.0
134.147175 2.0
134.177525 1.0
134.207875 1.0
134.238225 4.0
134.268575 10.0
134.298925 16.0
134.329275 14.0
134.359625 13.0
134.389975 26.0
134.420325 11.0
134.450675 6.0
134.481025 7.0
134.511375 2.0
134.54172499999999 1.0
134.57207499999998 2.0
134.60242499999998 7.0
134.63277499999998 8.0
134.66312499999998 7.0
134.693475 9.0
134.723825 9.0
134.754175 6.0
134.784525 12.0
134.814875 7.0
134.845225 3.0
134.875575 9.0
134.905925 15.0
134.936275 20.0
134.966625 22.0
134.996975 13.0
135.027325 20.0
135.057675 31.0
135.088025 14.0
135.118375 18.0
135.14872499999998 13.0
135.17907499999998 8.0
135.20942499999998 5.0
135.23977499999998 13.0
135.27012499999998 11.0
135.30047499999998 8.0
135.33082499999998 11.0
135.36117499999997 18.0
135.39152499999997 6.0
135.421875 11.0
135.452225 13.0
135.482575 10.0
135.512925 9.0
135.543275 11.0
135.573625 12.0
135.603975 17.0
135.634325 22.0
135.664675 31.0
135.695025 32.0
135.72537499999999 27.0
135.75572499999998 23.0
135.78607499999998 17.0
135.81642499999998 19.0
135.84677499999998 9.0
135.87712499999998 12.0
135.90747499999998 10.0
135.93782499999998 18.0
135.96817499999997 10.0
135.99852499999997 9.0
136.02887499999997 15.0
136.05922499999997 8.0
136.08957499999997 23.0
136.11992499999997 12.0
136.15027499999997 17.0
136.18062499999996 14.0
136.210975 7.0
136.241325 12.0
136.271675 17.0
136.302025 21.0
136.33237499999998 31.0
136.36272499999998 30.0
136.39307499999998 22.0
136.42342499999998 28.0
136.45377499999998 34.0
136.48412499999998 23.0
136.51447499999998 19.0
136.54482499999997 12.0
