0                         498.73586264183797
0.025000000000142394      492.77634623966316
0.05000000000028479       486.9517416217896
0.07500000000025722       481.2596976837003
0.10000000000000002       475.637083718662
0.12726636524969195       469.7226479019437
0.1606745802025381        462.5941520294686
0.20285261135156873       453.8694381132244
0.2561026260673816        443.2895098694066
0.3233310857652421        430.5125044187006
0.4082074152359934        415.33721718355946
0.5153642850332105        397.39620664782217
0.6506504094632283        376.7422071304233
0.8214249932746168        353.1219255571348
1.034082300604459         326.81117040552067
1.2793776098231782        300.63229116076496
1.500000000000004         280.08037432796954
1.7239041341815173        261.3819994425945
2.0112018669116023        239.9790563643059
2.286361725449359         222.3986374586776
2.500000000000004         209.87973558956236
2.7076407376090965        198.96436085224985
2.972463697447478         186.11906966879428
3.329464584501225         170.7153735104095
3.810772835254066         152.7863430138645
4.457612987612399         132.86787031259644
5.321197375957957         112.0152028036007
6.471247937615397         90.18557445110717
8.002718234062591         69.99939227369782
9.880991482752034         52.619390918839
11.839783661044331        40.38944818563397
13.813347575179264        31.595416833558055
15.793551690282584        25.069352246026277
17.778862785580113        20.178677595942954
19.768266280138103        16.525373170657083
21.760037157720273        13.597285499079906
23.75187906294408         11.33495142045215
25.7437209681678          9.54890953235044
27.735562873391522        8.08485867686978
29.727404778615327        6.926823786072278
31.719246683839046        5.96288719905356
33.71108858906277         5.190955906625151
35.70293049428649         4.5457260542210935
37.6947723995103          4.0121680949622895
39.68661430473402         3.563134881031264
41.678456209957744        3.191160819648537
43.670298115181545        2.8776878271611555
45.662140020405275        2.6129208209713477
47.65398192562899         2.3897922252021817
49.645823830852706        2.1997023946811365
51.63766573607643         2.038339465542753
53.629507641300236        1.9003880749818776
55.62134954652396         1.7825464492858658
57.613191451747674        1.6817352228980464
59.60503335697148         1.596003817342116
61.596875262195205        1.5211523162554454
63.58871716741893         1.45794098132932
65.58055907264264         1.4026570395412483
67.57240097786637         1.3555284777260481
69.56424288309017         1.3139898240395136
71.5560847883139          1.2783873674366113
73.54792669353762         1.248063934319199
75.53976859876134         1.221855088519991
77.53161050398515         1.1988103065403535
79.52345240920886         1.1787432074654758
81.51529431443258         1.161220537946262
83.5071362196563          1.1461761950292375
85.49897812488011         1.1332410264177617
87.49082003010383         1.1218465907709376
89.48266193532756         1.1118359222660898
91.47450384055128         1.1031518810817786
93.46634574577509         1.095824531456158
95.45818765099881         1.0892157357862426
97.45002955622252         1.083653602019187
99.44187146144624         1.0788423532585782
101.43371336667005        1.074444595837853
103.42555527189377        1.0707715801492372
105.4173971771175         1.0673563651827933
107.4092390823413         1.064502057618226
109.40108098756502        1.0619636018431748
111.39292289278875        1.0598003976317587
113.38476479801247        1.0578839679244048
115.37660670323618        1.0562416524716736
117.2800515208956         1.0547925661439381
118.83440716402875        1.05385243611349
119.99999999999999        1.0531499920403555
120.97644612306328        1.0525757755059575
122.18079305192836        1.051968811783645
123.58173355858291        1.0513777262140778
125                       1.0507547135264699
126.96963018221801        1.0500138201993077
129.6143706214346         1.0491929564531117
133.1720025746365         1.0482509027488711
137.9605814758382         1.047318012483767
144.39980707856168        1.046471068830201
153.0599823248526         1.045782797129767
164.7079209538171         1.0453116985075674
180.3281739345267         1.0450822267087636
199.90386880976277        1.0450543568826836
221.4129395221598         1.045098400490069
243.65851797153366        1.0450725500720728
266.30896834298613        1.0449768757360567
289.10153783049316        1.0449371954966105
311.9230476925411         1.0449624863978888
334.7485407344984         1.0449762161268008
357.57381393111984        1.0450372384054454
380.3928458456319         1.0450827749516154
403.17128515610233        1.0449998403869052
425.74289087309194        1.0448881207657434
447.4513278394863         1.0443885083415518
465.96043895261477        1.0426413111066677
480.1149136186318         1.0383743773128338
490.63940989697755        1.0309129349708108
498.46604635165653        1.0213885608305573
504.28873051053125        1.0099895456415326
508.6109705618385         0.9983301449901181
511.82817561169855        0.9873398240703112
514.2174239235192         0.9777537594874098
516                       0.9699757994069775
