6.036082151439604E-20     498.319937848046
0.0019961626230300187     497.84103088003167
0.0036342118333674853     497.44804026306963
0.0036342118333674853     497.4456858767111
0.012907486470891311      495.2307559016363
0.012907486470891311      495.22827771871493
0.015124290924193042      494.70298246156153
0.015124290924193042      494.70304055205816
0.02336373013325444       492.754577605888
0.026208119314298457      492.08193632738244
0.026208119314298457      492.08258597941756
0.027437734303652206      491.79354717509017
0.027437734303652206      491.7912617289936
0.036157171426556896      489.75255207346424
0.036157171426556896      489.7533763699462
0.041573512482453646      488.49418731931985
0.04504209807749114       487.6883396419886
0.04504209807749114       487.68974611982424
0.04990399282909593       486.56586880017926
0.04990399282909593       486.56428192971055
0.05286941684856097       485.88193046283357
0.05286941684856097       485.8817956266675
0.06051165314390217       484.1331777128466
0.0637290863760049        483.3969977298216
0.0637290863760049        483.3995270974023
0.06497114691358451       483.1160395495668
0.06497114691358451       483.116416945113
0.06637362815807349       482.79836845467474
0.06637362815807349       482.79760779847214
0.06918851789315571       482.15952757530863
0.07383645260558218       481.1059320537534
0.07383645260558218       481.1051874577156
0.07808228374724178       480.1479374072614
0.07808228374724178       480.1464458233204
0.07852112636246289       480.0489859995892
0.07852112636246289       480.0533514344154
0.10000000000000003       475.20865653704726
0.10000000000000003       475.2211047122173
0.12741092311093877       469.27339013604967
0.12741092311093877       469.2725361570707
0.1337330373418291        467.9120775832387
0.1337330373418291        467.9068947101473
0.146656053460947         465.14758841406876
0.146656053460947         465.15874596349784
0.15539499059210396       463.3040640681697
0.15539499059210396       463.30159411765317
0.16340874380316447       461.61996855910166
0.16340874380316447       461.6215293840438
0.17551859509159118       459.1030363450608
0.17551859509159118       459.08080881069014
0.1800907880164969        458.14759981577157
0.18546900354576684       457.0518505810584
0.18546900354576684       457.02373132127656
0.18707743296771057       456.7162280744739
0.18707743296771057       456.7091681223173
0.18926783414253623       456.2585994022369
0.18970119713128045       456.16945600265655
0.18970119713128045       456.15553587176305
0.19953827894363296       454.15327393917426
0.19953827894363296       454.150177414022
0.20007910150732677       454.0437877259815
0.21229239375664916       451.5712815682084
0.21229239375664916       451.5678704126775
0.23167790897654544       447.6920337014012
0.23167790897654544       447.6962221019245
0.24380587089589634       445.29414757536887
0.24380587089589634       445.296307445623
0.2713914007209276        439.91862922099625
0.2713914007209276        439.9161598835087
0.3025254540622443        433.9949966303037
0.3025254540622443        433.9845658541674
0.32323286788190597       430.12768507050134
0.323376918404626         430.10085479136586
0.323376918404626         430.1264010659429
0.3491961067717086        425.36758489526676
0.3491961067717086        425.3634019037862
0.389004095511767         418.29045753848936
0.389004095511767         418.33114916821563
0.38908354542072754       418.3171926138741
0.3955951502892544        417.1733326851847
0.3955951502892544        417.19556033733113
0.426093722400373         411.7609324295552
0.426093722400373         411.8362674015368
0.47136112622634274       404.19203955974746
0.47136112622634274       404.2694180203396
0.4971686501878451        399.919024447227
0.4971686501878451        400.0075829435238
0.6025608933466087        383.3575217651067
0.6042929753482524        383.08533967792346
0.6042929753482524        383.14507965460257
0.6266036635200478        379.82598218067176
0.6266036635200478        379.77522774095814
0.7075346741151869        368.1840936438256
0.7183371120346496        366.6301679327813
0.7183371120346496        366.75810191174094
0.7762188915110062        358.9010052082351
0.7762188915110062        358.71313626172685
0.8090129969950139        354.38722061978433
0.8090129969950139        354.40086330255866
0.8647263369692766        347.3570029318529
0.8647263369692766        347.21947426900635
0.8990595083897323        342.66721848081
0.8990595083897323        342.97693038687635
1.1284530212951918        315.7482122856825
1.1284530212951918        316.07326151315584
1.1407714969817362        314.7236387849479
1.1407714969817362        314.7260443030517
1.1874324163184586        309.8233968979155
1.1874324163184586        309.8138039698201
1.2118592517056197        307.31137601447205
1.2362211066880804        304.71686017838385
1.2362211066880804        304.8156050320267
1.2670847282192703        301.5718327886357
1.2670847282192703        301.6170870697964
1.3051554798851646        297.87579301233416
1.3496019594679942        293.5816625099211
1.3496019594679942        293.5607755969602
1.5000000000000002        280.9049348455912
1.5000000000000002        279.6073567755334
1.6353308600373047        268.23034288776597
1.6353308600373047        268.166900588674
1.659935259622014         266.101049615773
1.659935259622014         266.22400774299007
1.6665802214771148        265.70881448482197
1.6665802214771148        265.6789708943924
1.6687538068983954        265.5376326324592
1.6729272733367437        265.20894910859306
1.6729272733367437        265.0720323345007
1.689439627108108         263.7837205151983
1.7668730032811317        257.6974108055639
1.7668730032811317        257.74228419948645
1.833207624899273         252.64531556759223
1.833207624899273         252.64339658710202
1.885041466613284         248.87912383484013
1.9616310843967029        243.4332930716579
1.9616310843967029        243.3142037792891
1.9703221892010279        242.81042066702065
1.9703221892010279        242.81676798977253
2.0209835816501287        239.24433731841157
2.0209835816501287        239.2572018509111
2.0671522746574817        236.14270183163765
2.0671522746574817        236.13149648199078
2.0870854445536686        234.73551282804377
2.0870854445536686        234.8100048941443
2.1215370098011275        232.50200267142247
2.186714934939656         228.27864293776793
2.186714934939656         228.2764890630055
2.2925223743342347        221.76296323444018
2.2925223743342347        221.67765163825715
2.300671418319148         221.263378816387
2.3301384801279337        219.5407062494034
2.3301384801279337        219.45687428005937
2.338569428551969         219.00563384417146
2.338569428551969         219.02747715395063
2.348583268660322         218.38865787980606
2.348583268660322         218.41681764748444
2.3641612058859516        217.44696149101344
2.3641612058859516        217.4627783563819
2.5                       208.89701430477695
2.5                       209.47153215667836
2.667205336562147         200.7252909839692
2.667205336562147         200.72978070064096
2.705663742800271         198.75765765133372
2.705663742800271         198.75585590225757
2.720000763683154         198.0357983059718
2.7469258053305143        196.68014059324497
2.7469258053305143        196.6836415822852
2.7526459439390685        196.39922142089102
2.7693124962075344        195.56004714717122
2.7693124962075344        195.5705171165945
2.8079794401157825        193.65571925229
2.8079794401157825        193.64435281426435
2.8467619557066133        191.80496824031644
2.8467619557066133        191.71877791220984
2.9768703086945463        185.61009759490815
2.9768703086945463        185.62406821151095
3.056078775081008         182.04855164794083
3.1147386497953367        179.50155841509422
3.1147386497953367        179.41095684817415
3.130029967524768         178.83634248185504
3.130029967524768         178.79519951110342
3.245393573706552         173.89103350863252
3.245393573706552         173.8896962469292
3.2808158312396642        172.44986687303242
3.3423700923365636        169.94551075487854
3.3423700923365636        170.0073530409015
3.3783541169913294        168.55197286383725
3.3783541169913294        168.5640898193054
3.4681367566259658        165.11359918032485
3.4681367566259658        165.1323861324548
3.602382854535026         160.03019409322454
3.662890024542997         157.73901050863404
3.662890024542997         157.95513161662248
3.707485966857137         156.30764886094266
3.742225681042759         155.0242791845066
3.742225681042759         155.07550487256034
3.8168577244232744        152.47759008282785
3.8168577244232744        152.45557433327534
3.8437779333968036        151.58219244673887
3.883412760609265         150.28383840404925
3.883412760609265         150.26389173712224
3.9631680259593214        147.76839163130606
4.021814502274763         145.91870698750307
4.021814502274763         145.92491828292032
4.036899796393759         145.25789667703526
4.036899796393759         145.44759861697105
4.311903864501362         136.9112378749084
4.311903864501362         136.87977040435118
4.333580399612217         136.29396219534038
4.333580399612217         136.34472236798422
4.388953585803637         134.8700424767825
4.388953585803637         134.44879788923686
4.676431648189552         127.13393348651311
4.676431648189552         126.93516378021135
5.076252062337618         117.18919151221662
5.076252062337618         117.17216865793569
5.242988806839879         113.45360666593933
5.242988806839879         113.51505121687276
5.305608038635508         112.11404277213386
5.583482083175423         106.38509387945987
5.583482083175423         106.16970224898242
5.61759377659924          105.66713368916434
5.61759377659924          105.59005922335851
5.625767499358094         105.43062497439179
5.626816953777961         105.4101546229751
5.626816953777961         105.50851382386574
5.6287392306872475        105.47494829699696
5.647770561967093         104.28183005896392
5.647770561967093         105.14263578867075
6.057454924032756         97.45619526146952
6.057454924032756         97.17591148782952
6.3435909954323755        92.58020604087255
6.719112659663068         86.54885546939884
6.719112659663068         86.48465286832139
7.2062141220458376        79.58116868822955
7.2062141220458376        79.65393232189295
7.27133922668427          78.77715926105562
7.27133922668427          78.79157556288912
7.456373449688567         76.43834610457674
7.612144836250383         74.45727574003706
7.612144836250383         74.46599491800926
8.006290970496284         70.05945926402063
8.006290970496284         69.9207457685545
8.193340899395016         67.94647168394428
8.291925218058068         66.79249216655947
8.291925218058068         66.83282549251436
8.367796444871239         65.98201002414251
8.367796444871239         66.00152760240388
8.465777993414557         65.02623787898528
8.951541645985456         60.2878011512596
8.951541645985456         60.366720040013995
9.057734869278336         59.38001809931764
9.063573055323394         59.37219932267547
9.063573055323394         59.32577217549899
9.269023070551565         57.73086631140874
9.269023070551565         57.340693182757335
10.411497643905493        48.808728965109665
10.411497643905493        49.056383494193625
10.614289730052754        47.55559495340904
10.698662302604784        46.93118503461832
10.698662302604784        46.88824373111588
10.855763143904547        45.85929028914674
10.931389839515976        45.38622978272261
10.931389839515976        45.36396290508996
11.219309439335145        43.653428129932976
11.219309439335145        43.67774790122167
12.170876052178054        38.42856631015013
12.170876052178054        38.54383831906949
12.342638567643391        37.665570662057874
12.41968571115963         37.2742038571426
12.41968571115963         37.271608021069994
12.475192941894703        37.00219257495646
12.475192941894703        37.01131020107036
13.818452484871099        31.152871022628275
13.818452484871099        31.275683799653468
13.889741976240899        31.026617179457133
13.889741976240899        30.98873878863469
13.920616677183503        30.904724864917892
13.968732890399597        30.714763621028407
13.968732890399597        30.72833605159237
13.986180777633283        30.66643769691871
14.003182017229244        30.60612387529044
14.003182017229244        30.538005165711436
14.300580247631498        29.502437725458556
14.300580247631498        29.487829474517774
14.347838539428839        29.32638357654656
14.957071727182575        27.245093810666845
14.957071727182575        27.22277392372264
15.124972010667689        26.695273111137816
15.124972010667689        26.694687812811328
15.35040041485053         26.008942835840863
15.49681487524698         25.563555391713482
15.49681487524698         25.550038466616805
15.901316113295           24.3910349701004
15.901316113295           24.385478972845615
16.53352816952998         22.724135851713
16.837561271563885        21.976407376756093
16.837561271563885        21.922517937687424
17.194505866089926        21.10632828000212
17.194505866089926        21.079818829376975
17.257402530694872        20.958797542766696
17.257402530694872        20.960417305078476
17.704536846708027        19.97918455637579
17.704536846708027        19.959871845498846
18.29288113736775         18.726113665549025
18.29288113736775         18.726541025290317
18.32335551206168         18.667017334332563
18.513459446114062        18.292520759830786
18.513459446114062        18.298365141624913
19.144490757829452        17.10784473328216
19.144490757829452        17.10160735545217
19.15344768542023         17.091204670256204
19.195602616731424        17.01263529967196
19.195602616731424        17.0128897897613
20.276848251546603        15.167434110558634
20.276848251546603        15.220299630189274
20.40586419105891         15.009030097899439
20.40586419105891         15.041314336324612
20.514782111298587        14.871578261030741
20.52229005170092         14.86916613486565
20.52229005170092         14.859877997799238
20.538681642501007        14.845954996598776
20.61063400925324         14.744067610945763
20.61063400925324         14.74097582349819
20.69577333186126         14.574193746223244
20.69577333186126         14.619281918964903
20.88140913514356         14.31405532385351
21.58875029772731         13.322831589755808
21.58875029772731         13.329490330827532
21.793282584720146        13.060882210586694
21.793282584720146        13.05615620830762
22.07898742450589         12.710226826938625
22.07898742450589         12.695068580291219
22.13695963034538         12.624708564121248
22.256807477297823        12.460518272534813
22.256807477297823        12.479250989626713
22.948570033890515        11.65391663532974
22.948570033890515        11.653374058183417
23.76489613220043         10.786729161318403
23.76489613220043         10.772639319787869
24.353165510620602        10.199384482994038
24.353165510620602        10.173930259515213
24.413779923165244        10.140614714357335
24.413779923165244        10.139275324186896
24.4739027028913          10.085552220805631
24.4739027028913          10.066016059462921
24.722719056007264        9.844560460993664
24.75246490712218         9.803066971570614
24.75246490712218         9.818085572272983
25.184204999390307        9.438554530857118
25.184204999390307        9.433618264782769
25.52132917942149         9.146309412011796
25.77934190358145         8.921031254382678
25.77934190358145         8.92264417616678
26.41688490794335         8.413125727076075
26.41688490794335         8.422310325037186
26.6066622018345          8.277336799390161
26.6066622018345          8.276254706228045
26.634108481229383        8.256203451026558
26.70662671879218         8.192659436165567
26.70662671879218         8.203224259668305
27.38584929103154         7.711039736325617
27.38584929103154         7.708151827493713
27.79107278970482         7.436223428005908
27.8737317313074          7.380165412478159
27.8737317313074          7.380409163393717
29.02416688949835         6.671013883016141
29.02416688949835         6.654047844295696
29.079252453844752        6.636629463646815
29.079252453844752        6.6380318581105495
29.461830339972046        6.420249338415965
29.490250748948046        6.4048145276434605
29.490250748948046        6.404175195407884
30.40527263607444         5.920157697708039
30.50919874619855         5.868500773749259
30.50919874619855         5.865111474454896
30.571324076137255        5.83583494919439
30.571324076137255        5.836078233102761
30.834590875781306        5.70490378119994
30.834590875781306        5.706218498895614
31.00947685053508         5.622130779393615
31.605479124170756        5.340044709646305
31.605479124170756        5.341369360695608
31.63699773993058         5.328092144233206
31.63699773993058         5.326823450364231
31.641540453380937        5.32611375959342
31.641540453380937        5.323178390708841
32.41689507278936         4.987663495912467
32.41689507278936         4.9873390236839565
32.95667339551992         4.771685458120572
32.95667339551992         4.765845045329537
33.050818788649835        4.734404328013047
33.050818788649835        4.734344599997507
34.068979966424195        4.3482331258551525
34.087474327540406        4.343062758139075
34.087474327540406        4.341219614448726
34.22880561094554         4.29574371163871
34.22880561094554         4.292474373607832
34.27636894536662         4.279259507860226
34.29912739512897         4.269953459619832
34.29912739512897         4.271372026292094
34.35447864566509         4.251571131851678
34.37306774741417         4.24539763156113
34.37306774741417         4.241449975272504
35.16502054698144         3.97886417705854
35.16502054698144         3.9784518438173544
35.89788580447125         3.7519634475010006
35.89788580447125         3.7486581310043903
36.00660103343576         3.718910804724223
36.06924056950308         3.6998665343947015
36.06924056950308         3.699203189619989
36.65041370691711         3.5297039960023584
36.65041370691711         3.5312765346634225
36.67926854556157         3.5232418603409457
36.71932166530508         3.5120890073756783
36.71932166530508         3.510167841585613
37.38354110313603         3.330579899493183
37.38354110313603         3.3311691899370826
37.83556616960026         3.2149846027652105
37.947332578373725        3.1868824584412274
37.947332578373725        3.1864028444847534
37.9817327211172          3.178422894513475
37.9817327211172          3.1755921638857325
38.033171900400355        3.163251006896365
38.85002861221621         2.967272823363432
38.85002861221621         2.9672598426803054
39.01209430518006         2.9303323956782905
39.01209430518006         2.930394811623885
39.4619223377589          2.8311471666295107
39.4619223377589          2.8310856608921173
39.46580453428439         2.8302887947692783
39.46580453428439         2.829612386430105
39.61371191553951         2.7982901388659274
40.44151749801104         2.6229863023085174
40.44151749801104         2.623231076564249
40.61312369319673         2.588703104762061
40.61312369319673         2.588793513909085
40.86069353165683         2.5408692070575416
40.86069353165683         2.5401528365566763
41.46858226619737         2.4267926218516997
41.46858226619737         2.426281631867634
42.027723811608965        2.324814834188348
42.027723811608965        2.3245004996010437
42.25823178613262         2.2851941296516585
42.54277220170916         2.2362860961764497
42.54277220170916         2.237433270911243
42.74407099794996         2.2037932068208645
42.74407099794996         2.2046656330633647
42.875099415777484        2.1824530670642406
42.875099415777484        2.1829973538810803
42.99789562459758         2.162518130766982
43.14172069945632         2.139169334148532
43.14172069945632         2.1388112786540012
43.32018109119198         2.1111962506481405
43.84784924430341         2.0315621282829377
43.84784924430341         2.0295446825648575
43.86993915800517         2.0295913348628414
43.86993915800517         2.0282327632384978
43.9043467252118          2.0240591985963663
43.9043467252118          2.0244357292064548
44.30880522135063         1.9631591030268987
44.30880522135063         1.9634520629007346
44.55804587778481         1.9270286152859897
44.55804587778481         1.927597949829159
44.58209238967687         1.9236886587435882
44.58209238967687         1.9235852611808617
44.59353442249545         1.918487141885082
44.59353442249545         1.922061652829401
44.60632962030072         1.9167781093929714
44.60632962030072         1.9159505491501032
44.633372790348744        1.9123497366366642
45.62365280938723         1.780493424006518
45.62365280938723         1.7805096289790803
45.96749587109568         1.7368030916126904
46.27422117401325         1.6998183008487309
46.27422117401325         1.6978146622793342
46.448690050793175        1.677796946775111
46.448690050793175        1.6778191887055536
46.52184124507484         1.6688164245328858
46.52184124507484         1.6689771602415178
46.7214612061713          1.6453561324404697
46.7214612061713          1.6454607080017447
47.0860516287174          1.6042220216473726
47.0860516287174          1.6031294467843726
47.30017138529418         1.579132055864093
47.45856210833819         1.5613804753476552
47.45856210833819         1.5610753494110239
47.95891951976062         1.505713760039721
47.95891951976062         1.5052874935783285
48.47170744022073         1.4514730985901212
48.47170744022073         1.4527714871403286
48.52859346975264         1.4469278840867243
48.52859346975264         1.4467768182127805
48.639270037275345        1.4358280985910572
48.639270037275345        1.4357395639769004
49.157260850840714        1.3840176075693096
49.157260850840714        1.3847171335710662
49.17740487324542         1.3827622115515583
49.27164790470945         1.3736323720183472
49.27164790470945         1.373616184323595
49.33336277257284         1.3679590611936323
49.357800904073976        1.365712518005886
49.357800904073976        1.3642909461650405
50.201992890415106        1.28723694440313
50.30959148611224         1.2774158343753506
50.30959148611224         1.2777683880846864
50.61884109386261         1.2507058274179328
50.61884109386261         1.2508482548018955
51.067147367494826        1.2133932790012834
51.067147367494826        1.2128539160067597
51.49351430093067         1.1781536739911576
51.49351430093067         1.1778938733104054
51.785389494159745        1.1553769411435832
51.785389494159745        1.1554236109172253
51.788327023997944        1.1552004227024186
51.79035753692796         1.1544350715734144
51.79035753692796         1.1550461479951122
52.55842961462433         1.0970199622606782
52.593989406560794        1.0943617881121095
52.593989406560794        1.09434990888963
52.847637415640726        1.0763269600992778
52.847637415640726        1.076376496821264
52.88273687627081         1.073914330371943
53.40953499324499         1.0377038366919744
53.40953499324499         1.0376120237966455
53.83878040204333         1.0089652173603534
53.83878040204333         1.008925137994376
54.26589881135887         0.9818437721537834
54.49214053530268         0.9684488828815105
54.49214053530268         0.9674777266133564
54.53026635804399         0.9660837153309063
54.53026635804399         0.9661647002304506
54.56180490573772         0.9642459923176537
54.56180490573772         0.9633118165473618
54.73256514631159         0.9530188110364257
54.87238469493369         0.944561830796363
54.87238469493369         0.9445908340104658
55.49883014334035         0.9082245693217974
55.746512202939996        0.8940937120141209
55.746512202939996        0.8938576555145009
55.81026157000453         0.8905353241980425
55.81026157000453         0.8901273052324075
56.01223099191738         0.8792952498226199
56.16085446733581         0.8711898244882665
56.16085446733581         0.8713242525019348
56.86801413856169         0.8340174283335868
56.86801413856169         0.8340539153087823
57.193718935529915        0.8180784093368241
57.193718935529915        0.817773007264479
57.4645133760998          0.8049181431682595
57.81515324350116         0.7884606586993665
57.81515324350116         0.7882729423558823
58.026946431772025        0.7787906943745937
58.100944580110976        0.7750566064277846
58.100944580110976        0.7754121180361435
58.535575571246696        0.755831465818616
58.535575571246696        0.7559672708130288
59.11610584528208         0.731494544994162
59.19650994458463         0.7279724976790418
59.19650994458463         0.7281050447993374
59.34685690316389         0.7219085714739566
59.34685690316389         0.7218041040218224
59.89786167320348         0.7001527881867418
59.89786167320348         0.7001463345741177
60.800223900243935        0.6662522956199983
60.820427772237586        0.6656637951732594
60.820427772237586        0.6654932642777995
60.822547760278795        0.6655847575383901
60.822547760278795        0.665699790048621
60.825370661519266        0.6655975610391827
60.825370661519266        0.6661230360064996
60.82837278856985         0.6660152685424253
60.82837278856985         0.6663887241154455
60.8294410118686          0.6663529733276153
60.8294410118686          0.6650552781177469
60.83848273542253         0.6647643234636178
60.83848273542253         0.6642690606540168
60.842771380209825        0.6641299054889345
60.88774993627344         0.6630234262128027
60.88774993627344         0.6626704704681685
60.918895383053275        0.662019573224217
60.97693715892877         0.6611422921039976
60.97693715892877         0.6601488211175831
62.50837286437796         0.6108608641282984
62.50837286437796         0.6116138393848667
62.56397803790778         0.609881107710161
62.56397803790778         0.609669011723712
62.59602448491051         0.6086675653381902
62.62180869288251         0.6076735001290688
62.62180869288251         0.6078618129290418
62.69171961945175         0.6056380267392416
62.77490397286225         0.6032495021198536
62.77490397286225         0.6032160943443196
62.91361272226757         0.5989682915253346
62.91361272226757         0.5993338495898259
64.30572895818513         0.5618512262274167
64.30572895818513         0.561811576706987
64.57705073670151         0.5543236741011504
64.57705073670151         0.5550763716442322
64.73154420661143         0.5506683423271321
64.77401323361576         0.5496635206740805
64.77401323361576         0.5499959993045447
65.11938415161508         0.542316422622726
65.11938415161508         0.5417813523432748
65.2869533069485          0.5380518331417494
65.6032450855691          0.5310259258967236
65.6032450855691          0.5310122544119826
66.05789832233496         0.5214664883527205
66.05789832233496         0.5217394311922815
66.11293264743422         0.5205951183696464
66.15616680428518         0.5192173999725509
66.15616680428518         0.5196961630363858
66.30306475849169         0.516213127858655
66.30306475849169         0.5163808949919666
66.40293169469655         0.5144152644497741
66.51763594097463         0.512275236264246
66.51763594097463         0.5121575986159003
67.0556482995076          0.502598269557948
67.0556482995076          0.5031509890751339
67.24086552002319         0.4997758238109161
67.57612599571249         0.49357807479420956
67.57612599571249         0.4936664593098088
68.01549761184894         0.48579766468694074
68.01549761184894         0.48641819305709233
68.06525741696167         0.4855992751074271
68.26669578632124         0.4822841195105325
68.26669578632124         0.4822494774545425
68.57164080806984         0.47755663037546203
68.57164080806984         0.47725667585133347
68.8576603276258          0.4731094127917019
69.30190011995268         0.4666679668260698
69.30190011995268         0.46728448837108694
69.4160507892494          0.4656695731662676
69.4160507892494          0.46558618130479157
69.64016231271523         0.46272891042375336
69.64016231271523         0.4621849345480631
70.64504940169088         0.45011208288413934
70.89294952805227         0.4489133384535672
70.89294952805227         0.4471337766785339
70.93041755862176         0.44846897805042335
70.93041755862176         0.44895794833026703
70.94437334192735         0.4488102186339475
70.94437334192735         0.4488946891149576
70.96566685772427         0.4482523777588278
70.96566685772427         0.4486909755286148
71.04103002955291         0.44758034758044474
71.04103002955291         0.4459838538920259
71.13076766815597         0.4452454622339501
72.3803607553867          0.4349633874438849
72.3803607553867          0.4345207008356905
73.03813158131946         0.4294474483210545
73.2345047408819          0.42793286210609965
73.2345047408819          0.4288872395835953
73.41627750806465         0.42763630928440444
73.41627750806465         0.4278427622642741
73.88153341845063         0.4248538050136633
73.88153341845063         0.42517196554809966
74.19985324035943         0.4235739069385183
74.19985324035943         0.42284399252839844
74.75309054020983         0.4203063361718173
74.89082065636514         0.41967457886830817
74.89082065636514         0.4197713325944984
75.43897402631228         0.4177575678328933
75.43897402631228         0.4175105996535058
75.66052674008654         0.4168430689414079
75.66052674008654         0.4171722844466161
76.38294541122241         0.41554707048876827
76.5174313204985          0.415244519647238
76.5174313204985          0.4152587166208048
76.60328746458819         0.4151325096923798
76.64317251643364         0.4150738794110312
76.64317251643364         0.41549222690787346
77.41253527914898         0.41464666626014113
77.41253527914898         0.4150544342940657
77.64179028512868         0.41460663944872045
77.71250632909658         0.4145942927706437
77.71250632909658         0.4148120228486671
78.37954256599406         0.4147507626377149
78.46293612513618         0.41474310382288215
78.46293612513618         0.4157424345097594
78.7316535805734          0.415843783237691
78.7316535805734          0.4162411073995137
78.78399020995715         0.4162646690501113
78.78399020995715         0.4164560813432431
78.8758724234153          0.416284156954165
78.8758724234153          0.4165600062331172
78.9892063307809          0.416437687597988
78.9892063307809          0.41539029352060564
79.00512439541134         0.4154216714076925
79.29894308706064         0.4156311035254071
79.29894308706064         0.4160008504690057
79.87449321450349         0.41658518045475657
79.87449321450349         0.4168275886057368
80.15307413640095         0.4186200005368536
80.15307413640095         0.41781519505049675
80.42130332037674         0.41957165518291617
80.42130332037674         0.419489990251304
80.6021183028733          0.4201769629872858
80.6021183028733          0.4192305700529052
81.37980058400842         0.4216436387620388
81.37980058400842         0.42225250834131084
81.56964812618327         0.4223983761266521
81.56964812618327         0.4224518182872422
81.87880207967306         0.42389940341845794
81.87880207967306         0.42442360491661
81.90642249280668         0.42456314193768646
81.90642249280668         0.42495241330778805
82.31318473448823         0.42702806612928845
82.31318473448823         0.4273670431703633
83.25461643309828         0.4325555876246142
83.28626363347814         0.43274140097743075
83.28626363347814         0.4339497649614721
83.64598828374804         0.43667134999841667
83.64598828374804         0.4362007413241903
83.77775042971209         0.43753624152611686
83.77775042971209         0.43777001408977134
83.87047891282668         0.43848712311118077
83.87047891282668         0.43752463073582115
84.0071121754185          0.4380466295703046
84.0071121754185          0.4385830692248074
84.01947856411856         0.4381431017366216
85.10293228864766         0.44699265719434234
85.10293228864766         0.4465952966695744
85.48915021543615         0.4501273194041008
85.48915021543615         0.44961994338681827
85.53154623820586         0.44997108259064966
85.72893570090986         0.45160593355662537
85.72893570090986         0.45187270433127846
86.11196849154777         0.45532619898501203
86.11196849154777         0.4547981310047797
86.16184405509719         0.4552345409200644
86.3009850677918          0.45655309348999895
86.3009850677918          0.4564520212499358
87.74149141035355         0.46968378487523116
87.74149141035355         0.4696845989389533
87.75114562419573         0.469781673130427
87.80483781550498         0.4703215540720545
87.80483781550498         0.47013691270113117
88.45893678988266         0.4767183303630095
88.46613148146983         0.4767907219614348
88.46613148146983         0.4776533290635634
89.0014241894277          0.48314135008081105
89.0014241894277          0.48259551216230245
90.07552048673266         0.4950249294088972
90.07552048673266         0.49555149680426436
90.13614200207186         0.4962530073716667
90.17536807977035         0.4959081277015305
90.17536807977035         0.496706930502246
90.6470045082956          0.5014249075488306
90.6470045082956          0.5023257720082583
90.98285018649112         0.50538366704332
90.98285018649112         0.5063649239641937
91.1246478770831          0.5071680339318653
91.1246478770831          0.5081509033813029
91.93292303715738         0.518336479113251
92.02506821521958         0.5194976575532765
92.02506821521958         0.5186995379812618
92.24210750647681         0.5213620093096869
92.24210750647681         0.521872555922059
92.72984844453865         0.5281907060262838
93.09885008875169         0.5329707185183834
93.09885008875169         0.5333370159925674
93.38133079438865         0.5369285025167281
93.68393838103123         0.539924613771404
93.68393838103123         0.5407758841178363
93.79196005955629         0.5413161081608318
93.79196005955629         0.5414760685882153
93.94317607437472         0.5434589498835858
94.004836382482           0.5453697291068904
94.004836382482           0.5442674956699528
94.49178160986996         0.5517682587243833
94.49178160986996         0.5517278247305843
94.89130913065068         0.5570329324387008
94.89130913065068         0.5552902062415296
94.98983168655984         0.5566038403844329
95.18978812874622         0.5592699264103747
95.18978812874622         0.5594282729110829
95.40915976128558         0.5624548102484581
95.40915976128558         0.5621472372396372
95.691428892435           0.5661516505673567
95.691428892435           0.5676752076924494
95.8231282047097          0.5694661150122551
96.72402457958735         0.5817169148401962
96.72402457958735         0.5822058402903457
96.74476373196141         0.5824989868628778
96.90968241333594         0.5848301017184647
96.90968241333594         0.5846594606678588
96.91908104606111         0.5847900657646377
96.91908104606111         0.5855111693799212
97.16627762773146         0.5889575004652831
97.18073112556168         0.5891590062406781
97.18073112556168         0.5887029414285536
97.92301274309831         0.5991695048278196
97.92301274309831         0.5992903450503757
98.02901218035697         0.6008028429412434
98.02901218035697         0.600939929054931
98.84204340775692         0.6123652409742164
98.84204340775692         0.6123499913367935
99.13127350785851         0.6165441767169392
99.14847869437396         0.617424831193564
99.14847869437396         0.6167927655355452
99.15044346853571         0.6174530886358537
99.15044346853571         0.6174007514184335
99.15433154235807         0.6174557475443433
99.17750067379946         0.617783470866529
99.17750067379946         0.6179009856424122
99.18521409161515         0.6180089149559278
99.18521409161515         0.617234166872196
99.20815435521929         0.6175549459040091
99.22215044518721         0.617750656479378
99.22215044518721         0.6176605058232808
99.3508036149039          0.6194503120191274
99.43704174583036         0.6213107241379682
99.43704174583036         0.6206500457014792
99.50059704190437         0.6217598037658271
99.50059704190437         0.6222006058728382
101.00828635205626        0.6429351082321864
101.00828635205626        0.6431483461424155
101.28080955705215        0.647111669339079
101.28080955705215        0.6476404142162795
101.43114223692842        0.6497801439550668
101.43114223692842        0.648828957102777
101.49679402021755        0.6497393102854189
102.42514971434667        0.6626122517111291
102.42514971434667        0.6621036628622501
102.49798205800973        0.6631414886606888
102.49798205800973        0.6626846564077686
102.51467488500927        0.6629219982917582
102.51467488500927        0.6630018209807117
103.10695755036889        0.6716271347834248
103.10695755036889        0.6721059433162206
103.55734565330759        0.678564786441072
103.55734565330759        0.6793628303338961
103.7306815957688         0.6817847076649501
104.02756127897884        0.6859327577727788
104.02756127897884        0.6859933743382893
104.26901583814178        0.6893237875508577
104.72392534123085        0.6948529653983473
104.72392534123085        0.6955984117487314
104.73009657314003        0.6944823857117984
104.73009657314003        0.694943650681516
104.7389820765878         0.6946078630966873
104.7389820765878         0.6954557375026665
105.36581720207776        0.7042443965158618
105.36581720207776        0.7045092253755331
106.2884094618185         0.7174595029477111
106.2884094618185         0.7173215903487447
106.41847685909698        0.719106785879572
106.45790239568402        0.7189060938296581
106.45790239568402        0.7196479075840754
106.47946666984532        0.7192094305398992
106.47946666984532        0.7193485242620108
107.09202925249735        0.7274364050294704
107.11944303793453        0.727900867642182
107.11944303793453        0.7277983589494121
107.12441084649399        0.7279670411475831
107.26342739794046        0.7298188058458202
107.26342739794046        0.7302706005366326
108.13336868951139        0.7418506694115642
108.13336868951139        0.7418884210579793
108.13642069073666        0.7419278443536932
108.25791711704244        0.7434972374138182
108.25791711704244        0.7440873261777592
108.83576582040843        0.7513849038003033
108.83576582040843        0.7515769652984652
109.84298417675744        0.7642521240518096
109.84298417675744        0.7641775625079924
109.88631069668357        0.7646594401775658
109.88631069668357        0.7656160631567924
109.94834649441108        0.7663349676513199
110.36608455472583        0.7711759430251619
110.36608455472583        0.7703053072087057
110.75712268346678        0.7754641998900441
110.75712268346678        0.7755732963207274
111.02156820840291        0.778930232905783
111.02156820840291        0.7787325429998728
111.32581916954011        0.7822525808432591
111.32581916954011        0.7827863289881956
111.34073931450052        0.782964551922265
111.39548575422809        0.783618504758781
111.39548575422809        0.7834305303479752
111.43876501247865        0.7839446527163264
111.96950834420238        0.790249451590481
111.96950834420238        0.7913061383402196
112.35737197458423        0.7959820578969088
112.35737197458423        0.7960579805086732
112.79409987686415        0.8012848056314086
112.79409987686415        0.8009703647643831
113.0769903317387         0.8039062824334101
113.0769903317387         0.804324881870887
113.5201282020075         0.8088763796029336
113.58734047817079        0.8096302116852916
113.58734047817079        0.8098988980889954
113.83037084716648        0.8123943327196396
113.83037084716648        0.8127941300611132
114.08319071809399        0.8155098349284012
114.55751697812768        0.8206048859160084
114.55751697812768        0.8200269835598009
114.8797909801109         0.8236210430425766
115.15271903988423        0.8262537012131076
115.15271903988423        0.8266647874194342
115.25223631925584        0.8273613170323733
115.25223631925584        0.8272489157699316
115.7957414697708         0.8330493940396362
115.7957414697708         0.8329446211342068
116.59773325024283        0.8416215637921394
116.59773325024283        0.8417132300134672
116.61418926435586        0.8418823825812309
116.61418926435586        0.8420202000238326
116.62714152338536        0.8421243908368027
116.63210998789934        0.8439065636070268
116.63210998789934        0.8421643582552852
116.691652330512          0.8445030432266832
116.691652330512          0.8449373635492977
116.75720135743488        0.8447827889601355
116.75720135743488        0.8456070693184918
116.78964967723392        0.8451227502005035
116.78964967723392        0.8446560516812506
116.82980263167302        0.8455009405944905
116.82980263167302        0.8450701791923666
118.22728521551531        0.8606269545918426
118.22728521551531        0.8606462082124334
118.68383602680757        0.8652213974320732
118.68383602680757        0.8649146160137481
118.83416755709314        0.8659247811079838
118.83416755709314        0.8663453097178224
119.74494923138019        0.8744146307376754
120.00000000000001        0.8767920859880947
120.21103571256744        0.8785773025420642
120.32793727649849        0.8795662091331604
120.32793727649849        0.8796550660527306
120.87281758857543        0.8840048398599711
120.87281758857543        0.8842961723345386
121.06348270034559        0.8859263834267566
121.48881846196738        0.8895630585902166
121.48881846196738        0.8889964989382282
122.13451418310582        0.8944098047015887
122.13451418310582        0.8943965897796459
122.26419655975573        0.8954691427150038
122.26419655975573        0.8960425777265448
123.4374198381183         0.905762335202874
123.4374198381183         0.9052541777469123
123.59122740766232        0.9064449015568129
123.79754545089025        0.9073255354300573
123.79754545089025        0.908042142883829
123.96253101782622        0.9088995455134447
123.96253101782622        0.9085388975359273
124.176561960702          0.9104520701948627
124.176561960702          0.9116018599444258
125.00000000000003        0.9173935851059465
125.37349726051673        0.919965324981128
125.37349726051673        0.9197489561594154
125.52282146906956        0.920779567985002
126.53879633852065        0.9277916641822821
126.53879633852065        0.9284457064266893
127.53129651725953        0.934962416796228
128.74628051838965        0.9429387928639694
128.74628051838965        0.9429399456759193
128.79824405081226        0.9432664876457253
128.79824405081226        0.9432504303189002
128.98022610419542        0.9442943505633814
129.04445662535943        0.9446628019579564
129.04445662535943        0.944344342048717
131.19712838541523        0.9567791274497257
131.19712838541523        0.9569359994774318
132.1565592352561         0.9619986236190862
132.1565592352561         0.9619447384343325
132.3818367924709         0.9630870872653203
132.86886291474588        0.965556723958473
132.86886291474588        0.965555789735439
133.6829346996073         0.9690953289481845
134.58350600253476        0.9730109632937819
134.58350600253476        0.9727811049971463
138.30895605222508        0.9883106011049264
138.30895605222508        0.9881714491855365
139.09091254173302        0.9904989439169741
139.09091254173302        0.9910165194998051
140.4943547970176         0.9951542998700271
140.4943547970176         0.9951420418113531
141.97574847831123        0.9996662268578352
142.36795152172           1.0008640172673535
142.36795152172           1.0008529683197216
143.1990308548788         1.003091786809526
143.1990308548788         1.0030988006465373
143.60252478011904        1.0040311183926076
144.8486265040978         1.0069103754966198
144.8486265040978         1.0073539266993174
145.6427762057566         1.0089895717931638
150.09486904740308        1.0181591827601857
150.09486904740308        1.0180323720755424
151.7198339528734         1.020876034252451
151.91893997323842        1.0212244665523738
151.91893997323842        1.0212012535914063
152.19509522260972        1.021729050071698
152.19509522260972        1.0216057866329513
153.27531076894974        1.0233341077464575
153.27531076894974        1.0230853189775244
158.9295777126651         1.0300595280502518
158.9295777126651         1.029834703695724
160.112983831265          1.0310438681051097
160.112983831265          1.031040888479481
161.4188188004905         1.032117377167321
161.4188188004905         1.0322151088652263
165.30787772736534        1.0352474084087808
165.30787772736534        1.035203707942274
165.62886438736425        1.0354167896853217
165.62886438736425        1.0353933642248592
166.49955953411774        1.035844980270089
166.73234685831136        1.0359374646285078
166.73234685831136        1.0359657234384922
169.79839588562163        1.0376007848056696
169.79839588562163        1.0375314108221916
170.48986082260453        1.03785250740791
170.48986082260453        1.0378819342033498
170.90335836659582        1.038049872343337
172.06343569793893        1.0385494281440983
172.06343569793893        1.0385210268449727
175.44949009945955        1.0397114588645173
175.83402259636418        1.0398272835603737
175.83402259636418        1.0398434232458933
177.1587859959896         1.0403001287681524
177.1587859959896         1.0403112298059911
178.59537378918577        1.0407162074079324
178.59537378918577        1.0406963957258468
179.6559318443709         1.0409614014007043
179.6559318443709         1.0410308350196407
180.50448872371692        1.0411961881764287
182.31099583553805        1.0415482113123797
182.31099583553805        1.0416422546909287
186.99534820184027        1.0424623145474452
186.99534820184027        1.042456967043495
195.08993897126024        1.043482818865303
195.2215245821362         1.043499495105336
195.2215245821362         1.0434086865238215
195.2251772379689         1.0433363407656318
195.2251772379689         1.0434090866633
195.2334810621061         1.0433371991967406
195.2334810621061         1.0433687547694888
195.23875198969728        1.0433691490134425
195.23875198969728        1.0433855658144486
195.2405371318254         1.043385687362217
195.2405371318254         1.0434229727380973
196.31360064256634        1.0434848091126296
204.01347515368843        1.04392852220077
204.01347515368843        1.0439331524798383
204.01668990961264        1.0439332940914061
204.01668990961264        1.0439488933272805
204.01885231850804        1.0439489750644524
204.01885231850804        1.0439643763774047
211.67131597147556        1.0442345810050817
212.79313851303755        1.0442741919925898
212.79313851303755        1.0442783501144417
212.79470028647998        1.044278390706057
212.79470028647998        1.0442716858577477
212.80273421995486        1.0442950388654375
212.80273421995486        1.0442718593339202
212.8111204354951         1.0442952086648578
212.8111204354951         1.0443095338516866
212.83445962577085        1.0443100073581812
212.83445962577085        1.0442993480741978
220.24910670976828        1.0444574063389818
230.31934898584672        1.0446169133233036
230.31934898584672        1.0446355521966182
230.33371122804374        1.0446171390308558
230.34197107063994        1.0446172688371096
230.34197107063994        1.044619809072667
230.3518857813788         1.0446199642636516
230.3518857813788         1.0446093651658992
230.3521717292412         1.0446093692384733
230.3521717292412         1.0446069460079557
230.35238590023522        1.0446116278844721
230.35238590023522        1.0446069485442786
230.35517303753392        1.0446098462728581
230.35517303753392        1.044611657783332
230.35604425776114        1.0446098539588047
230.35604425776114        1.044613779165636
230.35973053224893        1.0446138076009241
230.35973053224893        1.0446125101394024
230.36383178465255        1.0446125337344403
230.36383178465255        1.0446237913884153
230.39194590973733        1.044623977113225
238.08151835882535        1.0446747752219154
247.89992936828062        1.0447031758626282
247.90752875363302        1.0447031976438759
247.90752875363302        1.0446935803697135
247.91067898287056        1.0446935840735538
247.91067898287056        1.0446870839384663
247.91263041170976        1.0446870868630729
247.91263041170976        1.0446903481395398
247.91378156814716        1.0446903463323605
247.91378156814716        1.0446915684591422
247.9141372742343         1.044691567383607
247.9141372742343         1.0446927992459252
247.92226396000828        1.04468557957445
247.92226396000828        1.0446927699135669
253.2820418163856         1.0446718575315994
253.2820418163856         1.044673232145705
255.08757834371727        1.044665327329353
255.08757834371727        1.0446662174947754
255.4930020383054         1.044664454180548
256.6914439924044         1.044659241782317
256.6914439924044         1.0446581574785125
258.8136950276102         1.0446486437767686
265.47269194840464        1.044618100033132
265.47269194840464        1.044617291164147
272.5386936249114         1.0445989187734919
272.5386936249114         1.044596829726747
272.5928061170007         1.0445987625229256
272.5928061170007         1.0445984093217706
272.66049187697075        1.044598323442366
272.66049187697075        1.044598711707036
281.2344467050997         1.0446006447566059
281.2344467050997         1.0446029787263769
290.0165411813201         1.0446370760669532
290.0165411813201         1.0446365207527368
290.44495611954267        1.0446385355090462
296.9962014617947         1.044666881473829
296.9962014617947         1.0446630931126188
296.9962014617947         1.044665929631061
304.8770788401422         1.04468490220848
304.8770788401422         1.0446805033553273
304.8770788401422         1.044681751809837
304.8770788401422         1.0446823486858423
312.7579562184897         1.0446796062702655
312.7579562184897         1.044678733128421
312.7579562184897         1.0446829487693021
312.7579562184897         1.0446822876398285
321.3208752976084         1.044654158184883
328.51971097518475        1.0446286270027412
328.51971097518475        1.0446281322365978
328.51971097518475        1.0446253611344385
338.64499920583035        1.0446065877259338
338.6464486774537         1.0446066746992977
338.6464486774537         1.0446058493141208
338.6501593685766         1.0446058507695852
343.3062085826869         1.0446076770368917
343.3062085826869         1.044607054426753
344.4914338748056         1.0446073492927703
344.4914338748056         1.0446075378288986
344.5657307843777         1.0446076138653908
344.850632314541          1.0446079054375854
345.6819500120171         1.0446095789395053
345.6819500120171         1.0446082638811323
347.4847915256844         1.0446120390554106
347.4847915256844         1.0446113409277216
351.58219952065144        1.0446214741435729
351.58219952065144        1.044621968929962
351.5844034109496         1.0446214789341122
351.5849412655557         1.0446215289578267
359.99848898939604        1.04464676414585
360.01669749144895        1.044646142325617
360.01669749144895        1.0446468188327613
360.01692865701006        1.0446461430935843
360.01692865701006        1.044645487671621
360.0175823121943         1.044645489759163
360.0175823121943         1.04464612102631
360.01879810600707        1.0446461242674436
366.39304966711995        1.044653842576447
367.8916014119728         1.0446557353271115
367.8916014119728         1.044648918499463
367.8919530098092         1.0446489189462773
367.8919530098092         1.044649641058225
367.8929427134739         1.0446496403386138
367.8929427134739         1.0446503214363299
367.89417017453684        1.044650318552189
367.89417017453684        1.0446525115597651
370.8447305688986         1.0446409494582685
375.76558166681747        1.0446216665518913
375.76558166681747        1.0446187744027635
375.76749949406116        1.044619552349962
375.76749949406116        1.0446187620846727
375.76789458138063        1.0446195491541639
375.76789458138063        1.044616798788516
375.76869470701445        1.0446167901087962
375.76869470701445        1.044631587355806
375.7734102667124         1.0446315267650348
375.7734102667124         1.044641433109387
381.0003116651328         1.0445725137946926
382.9895579310217         1.044546284585654
382.9895579310217         1.0445451260611807
391.5021094127298         1.0443948392388187
391.5076558823319         1.0443947413173797
391.5076558823319         1.0443798378796108
391.51119777070664        1.0443797670264354
391.51119777070664        1.04437188182818
391.51530179019505        1.0443717908779808
391.51530179019505        1.0443787078523847
391.51581933261           1.0443786931224543
391.51581933261           1.0443875842766106
391.5187780350884         1.044387502703085
391.5187780350884         1.0443897042278172
391.52416809623116        1.0443979987655432
391.52416809623116        1.0443895277101094
391.5844439949409         1.0443960116318516
400.2053186571601         1.0441118046625928
400.2053186571601         1.044109361367653
400.3916005808509         1.044102287513333
400.3916005808509         1.0441007516276182
400.61198125961283        1.0440911696609216
400.61198125961283        1.0440974129800873
401.48605663575853        1.0440578958199795
405.8252334960603         1.0438617205799456
405.8252334960603         1.0438463749223013
405.9539957639556         1.0438401871703145
405.9539957639556         1.0438358327027353
412.6915274900332         1.043439847474476
412.6915274900332         1.0434040630690997
412.69437921514043        1.0434038783209558
412.6961087755879         1.0434037662719082
412.6961087755879         1.0433998817973396
412.70034095055854        1.0433995832570433
412.70034095055854        1.0434015504532175
412.7057092502612         1.0434011280125741
412.7057092502612         1.0433961438810853
412.7093134461277         1.0434033865732022
412.7093134461277         1.0433957977495367
412.7243538401359         1.043402039811705
416.71513969233774        1.0430446930076842
416.71513969233774        1.0430486549756286
417.72189198885474        1.0429544242741045
417.72189198885474        1.04293816378124
420.6050400067771         1.0425855537177104
421.33378590496744        1.0424923178160967
421.33378590496744        1.0424717626921738
423.512231976609          1.0421917644371161
423.512231976609          1.0421909335819455
433.8278790356165         1.0401881853275894
433.8278790356165         1.0401124044855148
433.86714600192477        1.0401045591520652
433.86714600192477        1.0398569573479983
433.8761358361585         1.0398548985826896
433.8761358361585         1.0397218862464945
433.8889076695316         1.0397185426877165
433.8889076695316         1.0397527882168252
433.89608561184764        1.0397503010062552
433.89608561184764        1.0398165255214005
433.90752651495467        1.040282161679187
433.90752651495467        1.0398115478040233
443.92826227448234        1.0349660275133288
443.92826227448234        1.0349981750030133
444.6410552232795         1.0345087018998063
444.6410552232795         1.0345498390652448
445.33941171231345        1.0339606351116224
445.7060510861447         1.0336513011654112
445.7060510861447         1.0340257319237625
454.34135284723277        1.0251727382032239
454.34135284723277        1.0248428865156605
454.3434697852964         1.024752501475259
454.3434697852964         1.0248402452209693
454.34739793598203        1.0247476594175922
454.34739793598203        1.0247640883378937
454.35049451116276        1.0247593331710185
454.35049451116276        1.02530905638381
454.3544727043243         1.0253022459403371
454.3576345896655         1.025296832970049
454.3576345896655         1.0260888767001664
461.08871224077484        1.01398586759176
461.08871224077484        1.0139798484225406
464.73549489224155        1.0059162923870713
464.73549489224155        1.005272626923254
464.7620247473301         1.0052120907793103
464.77228556174435        1.005188677528982
464.77228556174435        1.0052490000509715
464.81083817513456        1.0051443371949274
464.81083817513456        1.0058531227143876
467.538558885324          0.9976963303456122
467.538558885324          0.9976779085785168
474.80120509940133        0.9714608878559796
474.80120678998924        0.9714608817532209
474.80120678998924        0.9697129964309285
474.8012071437122         0.969712994992032
474.80120724048663        0.968324563858904
474.8012074270602         0.9683245627974867
474.8012074270602         0.9714532405752776
474.80120823610315        0.9794109680461357
474.80120823610315        0.9714532354532095
474.80121202944014        0.9794109395945761
485.461909882632          0.8994514004217559
485.461909882632          0.8995498461672927
486.70002964724677        0.8877012705697893
486.70002964724677        0.8892122309408179
489.4348151744985         0.8600869566577283
491.4848420126792         0.8382543144432901
491.4848420126792         0.8371456360906689
493.0260588233561         0.819465359057426
493.0260588233561         0.8188332743726602
498.0945454949437         0.7489293299707713
498.0945454949437         0.7454673750184766
499.12418343607015        0.7282128004838975
499.12418343607015        0.7300588758385073
499.2026216088501         0.7269546483808466
499.2026216088501         0.7270501189437751
499.6019891760579         0.7200723267751209
499.67807140862556        0.7206226536551034
499.67807140862556        0.7187430099998592
500.88209323861906        0.6993847686149506
500.88209323861906        0.6989780280567947
502.1773687534669         0.6761293094181218
502.1773687534669         0.6758864784473751
502.5950419927732         0.6679046758876924
502.6821401306108         0.6662402165110508
502.6821401306108         0.6660128799907382
504.37097572416326        0.6331063716712086
504.37097572416326        0.6331721606117632
505.70918302556           0.6061220609896341
505.70918302556           0.6056936928209027
505.72869660498384        0.6057136206381715
505.99882309791553        0.6000595805814501
505.99882309791553        0.59990683417753
506.7786424226549         0.5834283287201726
506.7786424226549         0.5838732448721425
507.27064980549346        0.5733391807392396
507.27064980549346        0.5737759290537753
508.4039135152367         0.5492162932661435
508.5161969141272         0.5460335784443129
508.5161969141272         0.5467829325593278
509.86867629899643        0.5161466688946947
509.86867629899643        0.5156011302326208
511.20069190347306        0.4841105487325461
511.20069190347306        0.4845988694847745
511.8717117122384         0.4677569684124474
511.8717117122384         0.46703641460595946
512.4394041107412         0.4529364705048078
512.697003510906          0.44531666639756373
512.697003510906          0.4465383979704697
513.0820287300488         0.43572057142821785
513.0820287300488         0.435718782254145
513.5181178702364         0.42685892860963426
513.5181178702364         0.42447351386657706
513.8973515231519         0.4169218709172856
514.2050247239956         0.408859911426958
514.2050247239956         0.4088609883602309
515.3688152256352         0.37835014494854824
515.3688152256352         0.3785117801903235
515.4265759072143         0.3768322874168892
515.5237349278254         0.37427910509334994
515.5237349278254         0.3762123096825064
516                       0.3632243989999051
