6.036082151438603E-20     498.2192584672396
0.001996162623030014      497.7404029082396
0.0036342118333674437     497.3474544774675
0.0036342118333674437     497.3449700927347
0.012907522676874684      495.1278011918631
0.012907522676874684      495.13027391060024
0.01512429951184591       494.60268311631853
0.01512429951184591       494.6025543376153
0.023363271607039614      492.6545828322471
0.026208290700323572      491.9818796795021
0.026208290700323572      491.9825048844132
0.027438211513042765      491.6934248048167
0.027438211513042765      491.6911379745619
0.03615716923773556       489.6529725896551
0.03615716923773556       489.6536425899817
0.04157343509823433       488.3948069374745
0.045042098077491134      487.58905760169705
0.045042098077491134      487.59036223670597
0.04990399282909592       486.4650508570946
0.04990399282909592       486.4666319886699
0.052869416848560974      485.7827881471392
0.052869416848560974      485.782630682696
0.06051165314390216       484.0342570827662
0.06372908637600488       483.30083912373624
0.06372908637600488       483.29817995754377
0.06497114691358451       483.0174012274985
0.06497114691358451       483.0177879774484
0.06637362815807347       482.6988862871336
0.06637362815807347       482.69981249716955
0.0691885178931557        482.0608956041095
0.07383645260558218       481.0074479308756
0.07383645260558218       481.00659155555553
0.07808228374724178       480.0479701510857
0.07808228374724178       480.04961059127453
0.07852112636246289       479.95067898526815
0.07852112636246289       479.9550465466683
0.10000000000000002       475.113137266834
0.10000000000000002       475.1250430957066
0.12775889836138782       469.10025925479295
0.12775889836138782       469.0981105962357
0.12987865663048057       468.64126873772886
0.12987865663048057       468.64016201265645
0.13865288055146835       466.76080319878236
0.13865288055146835       466.7573693082023
0.13986876443824992       466.4978413872789
0.1473730675811083        464.8960632785152
0.1473730675811083        464.89341968569966
0.1671164538329103        460.7471339306235
0.1671164538329103        460.73462240698456
0.168845294562327         460.38513682795343
0.1693980617727287        460.27014400625296
0.1693980617727287        460.2693944549218
0.17941838201484755       458.1811253268014
0.17941838201484755       458.17471209000325
0.19895977478156535       454.16773086167206
0.19895977478156535       454.1883914826293
0.19936658208839045       454.1052873484644
0.21579779319425285       450.7486574420574
0.21579779319425285       450.752346645663
0.21614872389453954       450.68147019071165
0.21614872389453954       450.66232554566204
0.24442649687569773       445.06992120089205
0.25115750591923947       443.73875115985413
0.25115750591923947       443.76422780058647
0.2671459101706518        440.6423434763033
0.2671459101706518        440.6455179919167
0.3033751645662718        433.76635158615693
0.3033751645662718        433.76624052549823
0.3144839881386794        431.694242624291
0.32761115739053137       429.3251423491713
0.32761115739053137       429.2457864973805
0.3518198307383661        424.87161339727083
0.3518198307383661        424.83131181313735
0.39366758724534434       417.42559756031835
0.39366758724534434       417.3637058249361
0.41574333520422657       413.59146489329174
0.4539786384719561        406.9507283907043
0.4539786384719561        407.2556419068079
0.4558527728425713        406.93596169265777
0.4558527728425713        406.907431071341
0.4733228174543929        404.07092090648007
0.4733228174543929        403.662872297239
0.5318533823439894        394.49374970123756
0.5318533823439894        394.5856525255724
0.5452780049965209        392.5018778556446
0.5452780049965209        392.2856527822719
0.628981158381754         379.4851221171123
0.628981158381754         379.4438325665612
0.6563412759006081        375.6173693503365
0.6634059083261219        374.5396993196737
0.6634059083261219        374.629341572541
0.6888537522240699        370.62927750163647
0.6888537522240699        370.94017017239406
0.7788552673947509        358.36007950473606
0.8337875345081807        350.88321490134365
0.8337875345081807        350.8715960013734
0.888707267881859         343.8248609438151
0.888707267881859         343.8774666367809
0.9236761043970174        339.6252141817671
0.9786430142650934        332.94117202526786
0.9786430142650934        332.93708915828154
1.118757860628097         317.128532531661
1.118757860628097         316.9309641376025
1.1257407824768155        316.386972116992
1.1257407824768155        316.36023359981016
1.1886966775950665        309.7605209115593
1.1886966775950665        309.7024565858842
1.253906758351691         303.1772200973373
1.253906758351691         303.251814825437
1.258853777433877         302.5993647104741
1.258853777433877         302.75055043988357
1.2763477966524899        300.72141153751096
1.2763477966524899        300.86487439079133
1.3534919316759513        293.19862785093267
1.3534919316759513        293.2039469524932
1.4999999999999998        281.0769439860205
1.4999999999999998        279.5438494597257
1.6228194984781794        269.07280134691786
1.6228194984781794        269.1435413534141
1.6269667839503763        268.78703412239616
1.6269667839503763        268.8640742197955
1.635051842159809         268.1946710710955
1.635051842159809         268.20074699590947
1.6444550636203703        267.44790988368106
1.6444550636203703        267.29165446332775
1.6979344837309065        263.10026698604526
1.6979344837309065        262.9413377362225
1.8303286120787652        252.79757992959406
1.8303286120787652        252.7980889545227
1.8832996633232157        248.9440120840267
1.9602610449748612        243.34444262152516
1.9602610449748612        243.465422979324
1.970092488795065         242.76702504020514
1.970092488795065         242.76928339084586
2.0209650712760476        239.20112329274465
2.0209650712760476        239.18805817122276
2.067145801962902         236.08656738784003
2.067145801962902         236.07599472070103
2.0870936770160107        234.75388588648593
2.0870936770160107        234.67996416123165
2.1215678418433432        232.44568383709668
2.1867114002373276        228.2237114849653
2.1867114002373276        228.22578147880094
2.2925274762569794        221.62650919507092
2.2925274762569794        221.71200318239062
2.3006721690421013        221.21283374767356
2.3301398329993646        219.490858297029
2.3301398329993646        219.40682859216315
2.338567673715488         218.97803038593807
2.338567673715488         218.9562411999063
2.3485778026284305        218.34033251817584
2.3485778026284305        218.3676305806766
2.3641565218170375        217.4153549025645
2.3641565218170375        217.40449272712814
2.5                       208.8616320693947
2.5                       209.47236712585664
2.620644514696881         203.13400520473573
2.620644514696881         203.12303008328527
2.6519925357504026        201.4946945013951
2.6519925357504026        201.47362087293948
2.6895569029421025        199.53005822638647
2.6895569029421025        199.51939522885021
2.7067737891228987        198.64053041538716
2.720513727881109         197.9391522110521
2.720513727881109         197.94648773304897
2.835320228655398         192.23956116920334
2.837333098963113         192.13950321994784
2.837333098963113         192.21847756405373
2.849780932289433         191.60914533171962
2.849780932289433         191.62993468570124
2.8499312237473027        191.62272618565228
2.8499312237473027        191.62770605105126
2.860385413103386         191.13803823662946
2.860385413103386         191.12729744369244
2.860420867111658         191.12563041372073
2.8666976712005225        190.82185103310394
2.8666976712005225        190.83049818318722
2.956461920978658         186.58532411631538
2.956461920978658         186.57442732319157
2.995078707308884         184.79538400546576
2.995078707308884         184.7833895492117
3.01989276238854          183.6646947962583
3.01989276238854          183.66599583626578
3.10070305217175          180.17410141828518
3.10070305217175          180.17379188344555
3.1711817208103263        177.0669223671884
3.1711817208103263        177.09199248998308
3.18922239902229          176.27564234826002
3.18922239902229          176.29569576953287
3.2679296607550654        172.9200114433839
3.2679296607550654        173.02637874724974
3.2724350560741073        172.8366886463031
3.2724350560741073        172.81603029272833
3.2732588003034           172.78219224653637
3.2732588003034           172.7674648146916
3.2765859673261577        172.41645663921878
3.2765859673261577        172.63652701846766
3.6013393343357714        159.97563584903807
3.6013393343357714        160.1499238405754
3.6514509448012413        158.29056919386883
3.667312060787158         157.70205408855833
3.667312060787158         157.65313311034728
3.746683101274559         154.88207905479712
3.7583053320019797        154.4763160788554
3.7583053320019797        154.41522116374864
3.870299371812072         150.7031357473719
3.870299371812072         150.63455575403182
3.914166735533138         149.28143179938186
4.004649069313831         146.34897631887202
4.004649069313831         146.39781473357667
4.022798880181005         145.81109266096345
4.032066226446938         145.51151066264043
4.032066226446938         145.51312288081263
4.255146736537806         138.7630866341828
4.255146736537806         138.87956831895139
4.258062020006782         138.792454106949
4.26405700178622          138.61331265492828
4.26405700178622          138.4778855898188
4.300809555428232         137.34410970621192
4.300809555428232         137.42469069672342
4.5626852827012305        129.99263874606248
4.5626852827012305        129.96783701126145
4.659598853376557         127.44623758612614
4.659598853376557         127.46257909034904
4.766039903424487         124.72977975816022
4.766039903424487         124.67012773091321
4.808014864802153         123.65070159442037
4.891151800053235         121.58978583854253
4.891151800053235         121.6315939664152
5.145730961524997         115.59239380166758
5.145730961524997         115.54928467260217
5.331504485981892         111.51332910759038
5.331504485981892         111.49113429786854
5.394190797608901         110.1789706584398
5.410590690210448         109.82987793484418
5.410590690210448         109.814579811903
5.451028661095853         109.02023734958351
5.461802278665635         108.80860601099036
5.461802278665635         108.62650608065235
5.709234078380718         103.752216910957
5.709234078380718         103.69483375036569
6.3096147990884335        93.10303104075518
6.3096147990884335        92.8525941917966
6.345421828450719         92.49634439853885
6.440338858788816         90.88814356617326
6.440338858788816         90.87706315116968
6.759577308212867         85.98748022456897
6.759577308212867         85.9848968600492
6.9101389226686525        83.83480527512953
6.9101389226686525        83.58037745900401
7.479995637521423         76.09255793002693
7.479995637521423         76.1587402688502
7.804895164144286         72.34903098070609
7.804895164144286         72.15675846060338
8.244419724112152         67.4306384851031
8.664526533560768         62.913313710069076
8.664526533560768         63.080158651179715
8.953109977022727         60.37377161530797
8.953109977022727         60.34648247513222
9.291250882052534         57.59425946405354
9.291250882052534         57.546064409022215
9.636409286511519         54.678682064438384
9.636409286511519         54.68846234943001
9.835638796991116         53.19762849762526
9.835638796991116         52.989062649392665
10.569902176807648        47.8241320148146
10.569902176807648        47.85301867303499
10.73952941640526         46.79921582210582
10.73952941640526         46.734408695834674
11.351015718146408        43.053841379759604
11.351015718146408        42.946656469974094
11.36118243915256         42.99171610546634
11.36118243915256         42.98190235187036
11.383150969458287        42.859070816661585
11.383150969458287        42.73375654570257
11.675482548356724        41.16398457547039
11.973334696156682        39.59825173121827
11.973334696156682        39.56456806818889
12.347664674995247        37.69097790495723
12.347664674995247        37.69339221313402
13.154256859172238        33.97084199155777
13.154256859172238        34.079806364457816
13.203791146395002        33.85966889885743
13.232344145104944        33.73277528387454
13.232344145104944        33.707258823420474
13.7192497254591          31.783004719769174
13.7192497254591          31.73650707577258
13.776820965009728        31.564335622894156
13.811978242603642        31.430800020741884
13.811978242603642        31.379188223066038
13.906180578068575        30.920220805363314
13.906180578068575        31.042210991205767
14.961956415842547        27.305123903175243
14.961956415842547        27.30822076029775
15.104964151530387        26.86165622215129
15.229897177017584        26.472040927636705
15.229897177017584        26.471532858840988
15.734403886955732        25.007199248712972
15.734403886955732        25.028219640848633
15.8230632870096          24.77068985717401
16.010052581018357        24.22754031627606
16.010052581018357        24.213692247192835
16.275624684552024        23.511089332615427
16.275624684552024        23.49827608573113
16.298843061583103        23.439621631830903
16.298843061583103        23.411510756593614
16.745103061850294        22.297849546486244
16.745103061850294        22.318582802466366
17.146711566344372        21.319499676688327
17.146711566344372        21.315702276625927
18.17425596487916         19.041018776868746
18.413704270585544        18.61036950232234
18.413704270585544        18.51095008999566
18.589292527884965        18.239013444987325
18.589292527884965        18.321211629627257
18.771952048490853        17.952392919037756
18.771952048490853        17.935542399371755
18.931899488197747        17.64022828389214
18.931899488197747        17.629901783710753
19.016549117284214        17.480184135454586
19.016549117284214        17.449279838836677
19.875092407379437        16.000374148214107
20.030905536406095        15.737418823858365
20.030905536406095        15.735433703150779
20.33179763934889         15.266647337292163
20.33179763934889         15.26663224594569
20.369631322754262        15.209826347995335
20.800976075061005        14.562177909475174
20.800976075061005        14.556758123560488
20.90013800061656         14.417537884947624
21.194533296671928        14.004216107121014
21.194533296671928        13.998458275288344
22.006436333265263        12.945558289385357
22.006436333265263        12.94978234459333
22.196627994398103        12.712301838292113
22.402555434120483        12.455173043289758
22.402555434120483        12.451779234495486
23.12680014732392         11.633959818813791
23.12680014732392         11.623572422424164
23.829433872296846        10.875473833087348
23.829433872296846        10.897835112871764
23.896302143908777        10.827596417737903
23.924336957914548        10.798148538996344
23.924336957914548        10.797617541766186
24.03453295171451         10.691998330107449
24.08423902011424         10.644356709228157
24.08423902011424         10.621405835598381
25.00780547769823         9.767646820602762
25.00780547769823         9.767450553146993
25.479320388085785        9.361907549777328
25.479320388085785        9.364864759580586
25.672222767931103        9.210719004397884
26.102991122756666        8.866497676404723
26.102991122756666        8.863600946124432
26.607970443608565        8.474890747787601
26.607970443608565        8.478176728575498
26.80426025335629         8.337195735516627
27.166750627578736        8.076844711702172
27.166750627578736        8.084265365965475
27.367263093807047        7.944232188612377
27.367263093807047        7.945218316170638
27.607457627865358        7.7727794058222255
27.607457627865358        7.789048225196927
28.00293929779668         7.526138001152182
28.65135954682986         7.12175192412916
28.65135954682986         7.134995728969535
28.88313273196663         6.996193531117117
28.993763058857304        6.929940256336881
28.993763058857304        6.924151250815111
29.22806008982609         6.795125421343453
29.44687239453983         6.674626928479254
29.44687239453983         6.674659893358276
29.8981009735512          6.429889530921846
29.8981009735512          6.428862257351529
30.695850035824105        6.036741452083243
30.695850035824105        6.0229326053571945
30.696348970753295        6.036491593705558
30.696348970753295        6.035037283928576
30.69674058766161         6.03485454363199
30.69674058766161         6.021756170194068
30.69888210843106         6.020788660976642
31.53506890493171         5.643011127998202
31.53506890493171         5.642976524413189
31.757812212329654        5.546557680420193
31.997372051234326        5.442653673476743
31.997372051234326        5.442859468320517
32.504703462158005        5.236843800979438
32.892032660245015        5.079715400970394
32.892032660245015        5.0860745659535285
33.109379554883056        5.000947534506598
33.109379554883056        4.999950620834406
33.221431572392376        4.960346058341637
33.221431572392376        4.958231635487876
33.3652275977645          4.908984369572038
33.3652275977645          4.907832322599335
33.43053549355158         4.87936006298595
33.43053549355158         4.884428369607635
33.4402492753109          4.875957459352702
34.06700071576991         4.6555305675376895
34.06700071576991         4.656415083243088
34.134721518510254        4.633157289912859
34.91181689337842         4.381522223087607
34.91181689337842         4.376424205552375
35.159211990672986        4.302537159019089
35.194931952273414        4.292260651778454
35.194931952273414        4.291132957859127
35.31216625207577         4.255576197431724
35.31216625207577         4.255651430875211
35.56427812613683         4.181713435992872
35.57979921144826         4.173157220098981
35.57979921144826         4.177166128469575
35.65487740807869         4.151953621272708
35.716181041947074        4.1346402371282185
35.716181041947074        4.131804624352899
36.2715717547097          3.980148229689257
36.2715717547097          3.9770389706799327
36.36365399428268         3.954265361829429
36.53072623039739         3.90689235994729
36.53072623039739         3.9073039865364665
36.61459262903615         3.884646533040721
36.65989376004206         3.872630265078983
36.65989376004206         3.8714711290001187
36.993892673380024        3.78320640444202
36.993892673380024        3.7847165766905517
37.23879382611821         3.7201792095249546
37.23879382611821         3.719008396184736
37.736298723677336        3.597067324016713
37.736298723677336        3.5981136348752805
37.994584696982045        3.5366954731255356
37.994584696982045        3.5358249647000393
38.64950803983656         3.3869846110339745
38.64950803983656         3.3871132363945726
38.81831500913828         3.3505691176769714
38.81831500913828         3.3517066336992003
39.353859509580445        3.2373763087994436
39.353859509580445        3.236808030602411
39.739129078293885        3.1584393886440463
39.739129078293885        3.1586896564092988
39.99037411373677         3.108714649785494
40.026140668907686        3.1027538431233963
40.026140668907686        3.101635972140744
40.15241742089791         3.0791414654153026
40.167487070392355        3.076733445487208
40.167487070392355        3.076323605039713
40.39342945270348         3.031769762923356
40.39342945270348         3.0340031374255445
40.86548496199486         2.9451299350474196
40.86548496199486         2.945043669141401
41.513528488274055        2.832764468862565
41.56636227986139         2.823245231683451
41.56636227986139         2.8236035199736675
42.07232179213199         2.7411069402056256
42.07232179213199         2.739736824513015
42.15354700529092         2.728127710176243
42.15354700529092         2.7278007572870266
42.87327903925444         2.617651529636822
42.87327903925444         2.6178836424487546
43.03279307572477         2.5947298825970098
43.03279307572477         2.5937240365655523
43.33579432864154         2.5513761604466074
43.749533365486045        2.4943367756387356
43.749533365486045        2.493551417779043
43.90034997698131         2.4730999454406595
43.90034997698131         2.473955340063803
44.53943914314289         2.3896249595609107
44.726773264026754        2.3667407168195136
44.726773264026754        2.3651562094653693
44.76280776162247         2.362522254586283
44.76280776162247         2.362167796648433
44.79743796846129         2.358429649467773
44.79743796846129         2.3551108203278117
44.837361063556315        2.3504968707390566
45.311872806612676        2.293502544309947
45.311872806612676        2.2956571030175605
46.26576355188808         2.1881259728772546
46.48807675647576         2.1641154121304274
46.48807675647576         2.163566972384068
47.0459232169868          2.1086449440481774
47.0459232169868          2.1067945509157036
47.09681449596637         2.103569531872144
47.61059318623781         2.0523301314743394
47.61059318623781         2.0528180633406077
47.73032958520626         2.0408803932906334
47.73222474389349         2.0401382311479788
47.73222474389349         2.0406914467439243
47.842855333300385        2.0305332629179382
47.842855333300385        2.029809776937017
48.12323905123276         2.00550702382826
48.12323905123276         2.0047484377217373
48.434526984785784        1.9770007976669235
48.54438090492022         1.9671585183810518
48.54438090492022         1.9672086190890106
49.113346163197264        1.9188963452244678
49.113346163197264        1.9183943593690809
49.43517767439467         1.8924225817599818
49.46521557069627         1.8895029667510381
49.46521557069627         1.8899516734306494
49.653776551181735        1.874714132052469
49.653776551181735        1.8744422355017007
49.884146591693984        1.8570823795529985
49.884146591693984        1.8580622057139256
50.22073798502757         1.8316995101558113
50.22073798502757         1.8322855621246938
50.72023569932654         1.7959636116197535
50.72023569932654         1.794938171861539
50.97811581053493         1.7771302653798298
50.97811581053493         1.7775911842254382
51.0463963239759          1.7723760007542686
51.15412305656942         1.76537432570985
51.15412305656942         1.7648751580073927
51.4154075615961          1.748163598749764
51.79950769457281         1.7236595502855865
51.79950769457281         1.7228630455718401
52.20985589792521         1.6964699632975897
52.20985589792521         1.6985698795258595
52.488274320603296        1.6817695271622353
52.488274320603296        1.6808139380335652
52.603228122535256        1.673865483615634
52.603228122535256        1.6744973660401576
52.62629558482366         1.6724731529408512
52.65737024383943         1.6704767804633585
52.65737024383943         1.6705975152822687
52.947662982656205        1.6539623852400205
53.00739098028552         1.6488804195551081
53.00739098028552         1.6505645332552636
54.371591664817515        1.5767375029745363
54.371591664817515        1.5750475447185859
54.46858615056067         1.571778249609075
54.556344461102405        1.5673933333681864
54.556344461102405        1.5672912347693475
54.75356649551355         1.5573292251294832
54.75356649551355         1.5577961800378133
55.28271782497261         1.5329652879184605
55.28271782497261         1.5333499888244828
55.32935105490655         1.5308458273201537
56.22963354310678         1.4907162414303599
56.22963354310678         1.4899283685940747
56.34938054424635         1.4854207651843898
56.34938054424635         1.4855399136533525
56.388503279704054        1.483834543807264
56.64916862859124         1.4734413419661965
56.64916862859124         1.4732659334112002
56.77817884849913         1.468406214818194
56.77817884849913         1.4672819494373228
56.82374786492721         1.465535865465364
57.54040413774011         1.4375603120843716
57.54040413774011         1.4380754959105992
58.09734626749285         1.418576937950186
58.09734626749285         1.4174128972322906
58.17978194772064         1.4156738048837891
58.25626333203368         1.412976192431224
58.25626333203368         1.4129803639471767
58.732794386062665        1.3969653462079117
58.732794386062665        1.3962419666221317
58.84307375107014         1.3925849905363803
58.84987291417051         1.391975348109971
58.84987291417051         1.392359523361633
59.62671360831912         1.3674394307590818
59.62671360831912         1.3674375824495275
59.984641633940136        1.3572882177825325
59.984641633940136        1.3567629204577574
60.0382095881054          1.3548877824824477
60.0382095881054          1.355733077064519
60.163657777537075        1.3513905214497899
60.940527095811504        1.3300309061670135
60.940527095811504        1.3297328569862579
61.2809070577614          1.320776269249396
61.2809070577614          1.3211067800435432
62.20856455308438         1.2973431311816852
62.20856455308438         1.2975259497054032
62.379773561585196        1.2935438599952302
62.379773561585196        1.2932807262996298
62.986112487884924        1.2807265159179397
62.986112487884924        1.2800330519792253
63.4070303696799          1.2715060731024461
63.68268696932279         1.2662905829396482
63.68268696932279         1.2654676603296695
63.90171323759134         1.262190987939091
63.90171323759134         1.2615431991124906
64.02264995378877         1.2592393917069868
64.02264995378877         1.2597037570931788
64.10120588960007         1.257536192014109
64.10120588960007         1.2576937696858537
64.16465983710856         1.256397327211729
64.16465983710856         1.25655694409454
64.33584556872091         1.2522673156863937
64.33584556872091         1.2534279676490845
64.96996585641547         1.2405327569260516
65.31529677021598         1.2338702989793466
65.31529677021598         1.234142319688209
65.43710044195745         1.2317134209441079
65.69595249141847         1.2268392330210938
65.69595249141847         1.2271297142965443
66.19012271235076         1.2187103653915268
66.19012271235076         1.220058371977933
66.26662357302123         1.2187551127765779
66.39360501093252         1.2171305368065757
66.39360501093252         1.2165918727043905
66.58120492518395         1.2141443410651904
66.58120492518395         1.2141188106519585
66.78962081470257         1.210184304688656
66.78962081470257         1.2109438639492018
67.39821046301567         1.201094887806169
67.39821046301567         1.2004759108699306
67.45920296411221         1.199578424703288
67.7381256800902          1.1953087061509953
67.7381256800902          1.1954741614799036
68.16334048424423         1.1895608092381662
68.27129116563653         1.188101571736906
68.27129116563653         1.1887968377335043
68.59286312456803         1.1847437115355954
68.59286312456803         1.184447496738694
68.65574248328478         1.1838262461191054
68.65574248328478         1.1838646503297048
68.84381457169269         1.181508163422455
68.84381457169269         1.181391834576297
68.9271745741953          1.1804988111132635
69.1883813632218          1.1770330817277883
69.1883813632218          1.1773360271909363
69.40717612820768         1.1743817427606922
69.40717612820768         1.1743772293835768
70.16535223562737         1.1654768585034585
70.16535223562737         1.1654061555629003
70.57886915208357         1.161483023732367
70.57886915208357         1.1609957248030962
70.62203688309344         1.1610260227921207
70.71387836187293         1.1600545728532499
70.71387836187293         1.1600537307310386
71.21842369728675         1.1551911668338892
71.21842369728675         1.1549763571991642
71.73031446859298         1.15031639724136
71.77729804253923         1.1498689695664344
71.77729804253923         1.1497091926403877
72.08359850099782         1.1467397382674172
72.08359850099782         1.146889873006589
72.29528491093106         1.144894499934459
72.29528491093106         1.144783099623539
72.58093837007044         1.14240428978363
72.77253202853544         1.140238782048404
72.77253202853544         1.1407340545462152
73.01058976567468         1.1382143637161621
73.25224069915821         1.136147496161013
73.25224069915821         1.1361593892144881
75.11376400926012         1.1217040915813823
75.13950892888167         1.1215043388906978
75.13950892888167         1.121967566399024
75.1536609818217          1.1218594115159868
75.16151753977888         1.122200087873959
75.16151753977888         1.1217993689828973
75.16178386241116         1.1223715919078368
75.16178386241116         1.1221980880295173
75.16194629756619         1.122346503584593
75.16194629756619         1.122370411729532
75.16421074252582         1.1223318588647646
75.16421074252582         1.1219611607139037
75.16449651175424         1.1219593244922614
75.1645339408031          1.1217874718049092
75.1645339408031          1.1219590839904063
75.16504338984409         1.121784268373583
75.20195514352444         1.1210879342142088
75.20195514352444         1.1215521661248276
76.58449668403622         1.1123647128850622
76.58449668403622         1.1121868803839874
76.6418222348157          1.1119346493916853
76.6418222348157          1.1120006555135071
76.75781820509107         1.111383997113276
76.75781820509107         1.1112681659859796
76.91307858626544         1.110522019771212
77.98796504349454         1.1044455144188203
77.98796504349454         1.1045544460449677
78.2791570114503          1.102919978381329
78.2791570114503          1.1031450359868467
78.31831907612931         1.1029491212072782
78.37285447503776         1.1025034256931703
78.37285447503776         1.1026762987515832
78.64242572748613         1.1011877890876796
78.80853519147593         1.1003770954793717
78.80853519147593         1.100622179936971
79.32995659810337         1.0981562798236808
79.32995659810337         1.09812648496521
79.82285889362156         1.0958934612890243
80.03912388244582         1.094900630804041
80.03912388244582         1.0953639268526827
80.4953228165964          1.0932377840114653
80.4953228165964          1.0933373954161152
80.63750757984344         1.0921290575961955
80.63750757984344         1.0926199719975176
80.98582819931099         1.0904935033429124
80.98582819931099         1.0908163260936885
82.08836174436173         1.0866650421251456
82.08836174436173         1.086458548431442
82.26859772089735         1.0860266683288975
82.26859772089735         1.0865610876511813
82.35251080609638         1.0863042551813396
82.35251080609638         1.0862500275779927
82.8782476382423          1.0845301682927695
82.8782476382423          1.084265016685603
83.44380836922565         1.0822731317602023
83.5941734471827          1.082078010550231
83.5941734471827          1.0817435512648088
83.65675980167468         1.0817797991010827
83.65675980167468         1.0818777143433183
83.80328950267523         1.081316887725992
83.86000893646023         1.081373807619165
83.86000893646023         1.0811377017254167
83.88753517555314         1.0810693528683222
83.88753517555314         1.081290341216739
84.08370732092735         1.0804989764988355
84.2372934708808          1.0800524201824595
84.2372934708808          1.0799952192393598
85.10816222002457         1.0775492435226535
85.10816222002457         1.0775881207308045
85.43393018552308         1.076675144488148
85.62752684166205         1.0761556868737214
85.62752684166205         1.076464687122977
85.75567329564778         1.07614507693623
85.75567329564778         1.076112349600455
86.10285364100082         1.0752744506551348
86.10285364100082         1.0752978330684106
86.3979869075563          1.0743958095767516
86.3979869075563          1.074507188472813
86.44551990264144         1.0742774314909422
86.44551990264144         1.0740715403884502
86.5664128562347          1.0737881493840677
86.5664128562347          1.0739711929606441
86.97898641796112         1.0729276829068057
87.11899123183943         1.072322160185401
87.11899123183943         1.072573572890021
87.60955533614336         1.0709876160775453
87.60955533614336         1.0710372873054272
87.91469050104823         1.0702832930938482
87.91469050104823         1.0702482188586058
88.28601471132166         1.069492145430375
88.28601471132166         1.0698145336499383
88.33548802368091         1.0697095559618865
88.83252760889368         1.0688034943063394
88.83252760889368         1.0686548849880293
89.08620948421884         1.0682539572547167
89.08620948421884         1.0682552805683234
89.57844143007338         1.067418795946776
89.63105235073851         1.0674174305181938
89.63105235073851         1.0673295319205693
89.79043004297611         1.0668368103129073
89.79043004297611         1.0671489886090215
90.10560138572878         1.0662563606842532
90.10560138572878         1.0662501611942965
90.43314261804062         1.0660214041664982
90.43314261804062         1.0657267710461276
90.51044413896716         1.0657123813065128
90.51044413896716         1.0658824009517716
91.22714114501336         1.0646131196052302
91.6533864331617          1.0639593494392312
91.6533864331617          1.0640864060493016
91.65369686424265         1.06395692187215
91.65369686424265         1.064085942110057
91.6541052778457          1.063977549622375
91.6541052778457          1.0639563732293404
92.52506472950967         1.0624895949046276
92.52506472950967         1.0626268658708788
92.650778954966           1.0621701289998045
92.650778954966           1.0623125016380033
93.13149161245087         1.0618633259036836
93.13149161245087         1.0615744437548085
93.19049150472078         1.061773545393107
93.19968747537374         1.0618139182307884
93.19968747537374         1.0617595518261915
93.82358740027            1.060990280152928
93.82358740027            1.0609839000129533
94.53591202477196         1.0600574328866663
94.53591202477196         1.0601492664827834
94.63136931043827         1.0599352326879
94.76931195771746         1.0599999705897218
94.76931195771746         1.059758644606663
95.08829633224815         1.059441740660846
95.08829633224815         1.0596473401792086
95.44249948929895         1.0588918045567768
95.44249948929895         1.0590470662193465
95.47203641276343         1.0590829942067654
95.47203641276343         1.0588589548984713
95.93489593504592         1.0585562324743338
96.29532356503553         1.0582099104498237
96.29532356503553         1.0581460443424069
96.7295475181183          1.0578610032446198
96.7295475181183          1.0577958827763791
97.52548000471648         1.05723222573728
97.52548000471648         1.057052823918085
97.97366651865099         1.0567920684717216
97.97902583631672         1.0567868051660763
97.97902583631672         1.0567088937290812
98.2987291993164          1.056481480571902
98.2987291993164          1.0564297778773228
98.51595165514085         1.0562307514902294
98.51595165514085         1.0563273288284964
98.56164524517551         1.0561925262474452
98.56164524517551         1.056161613846101
99.19151272751648         1.0555645061746577
99.46673115845834         1.0553036020304603
99.46673115845834         1.055273131470155
99.74571287990283         1.0551778871136248
99.74571287990283         1.0550248515113356
100.45564456004993        1.0546244614084697
100.45564456004993        1.0545793535272343
100.69419614076847        1.0543355575696598
100.69419614076847        1.0544368298624935
100.93078975076895        1.0541765387258675
100.9337519111858         1.0542256301579012
100.9337519111858         1.054174547804284
101.38170312310076        1.053957874772776
101.38564998360567        1.0540682614270778
101.38564998360567        1.0539555156025664
101.41013019307822        1.0540530942770365
101.41013019307822        1.0540997731657427
101.4762777368961         1.0539669501341433
101.4762777368961         1.0540593521819546
102.34223617624806        1.0533304991135248
102.34223617624806        1.0533171266467392
102.59799751604737        1.053136265007361
102.59799751604737        1.053186884335407
102.63801161263149        1.0531153020728186
103.29289841071125        1.0527330836989899
103.29289841071125        1.052772214254957
103.55901467929131        1.0525496040011952
103.55901467929131        1.052565778009889
103.94463205486556        1.0524203576465596
103.94463205486556        1.0523413250490703
104.27600890746668        1.0522959793656954
104.27600890746668        1.0522307588006228
104.88534788152403        1.0519747545858622
104.88534788152403        1.0519778405816218
105.211041931697          1.0517749674576773
105.211041931697          1.0518124343107784
105.3058112269288         1.0515846084192113
105.3058112269288         1.0517346112662178
105.94634627354858        1.0513278480420234
105.94634627354858        1.0512982333055065
106.46009887312464        1.0513222437983627
106.46009887312464        1.0510736260503781
106.55666459470059        1.051101246679112
106.55666459470059        1.0512785611747608
106.8940060524207         1.0509876844817354
107.37063327884232        1.0508679645291517
107.37063327884232        1.0508272333011188
108.02946634738086        1.0506639710619856
108.02946634738086        1.0506055278166198
108.65015636981124        1.0502981764977626
108.65015636981124        1.050414133265799
108.85361415146814        1.050316241378044
108.85361415146814        1.0502140606878625
109.27478353071288        1.0501320585179559
109.58259505016122        1.0498819323727324
109.58259505016122        1.0499974485277381
109.75600230193233        1.049841226441977
109.75600230193233        1.0498098042379713
110.12052936730538        1.049780169151563
110.12052936730538        1.049720529563128
110.35114814109255        1.0497790428591531
110.35114814109255        1.049705758028459
110.8776613133438         1.0496243000857906
111.07915462248084        1.0494913630516143
111.07915462248084        1.0495650809909738
111.9710049397334         1.0492352960626008
111.9710049397334         1.0492337217396817
112.12928111267188        1.0491862576303077
112.35372283066866        1.049196275471152
112.35372283066866        1.0491189516925072
112.58414369051934        1.0491212730609738
112.58414369051934        1.0490971833886542
112.5882466684635         1.0490795055826745
112.5882466684635         1.0490958024426196
112.59367727495774        1.0491203659693924
112.59367727495774        1.0490778513212837
112.59418290065557        1.049120207896067
113.53981730739973        1.048697761930306
113.53981730739973        1.048824575028015
114.56075720457443        1.0483766165775812
114.56075720457443        1.0484184967582015
114.80975346471803        1.0484205741811994
114.80975346471803        1.0483316634750428
115.12250820612488        1.0483764763965275
115.12250820612488        1.048467916483279
115.54280530329046        1.0483823848009082
115.54280530329046        1.04842668461221
115.59312648611629        1.0484185320487016
116.08298612891181        1.0483391696087954
116.08298612891181        1.0483029061705844
116.11838106127075        1.0482987788255245
116.26285976183757        1.0482819314010112
116.26285976183757        1.0480888776974988
116.53230189046516        1.0480400783869577
116.53230189046516        1.0480268118095601
116.61654851738041        1.0480213065686668
117.01475531929671        1.0479325782005247
117.01475531929671        1.0478282536211898
117.53689763029973        1.0477021765622676
117.53689763029973        1.0478119582680028
117.54983232380992        1.0478089943292865
117.56625546388071        1.0478052310255284
117.56625546388071        1.0478321801501096
117.59430817899073        1.047826932558009
117.59430817899073        1.0477438800897427
118.1239477171043         1.0476833909978873
118.19381358534741        1.0476754117542364
118.19381358534741        1.0478383213327693
118.4071347469092         1.0478215160791686
118.4071347469092         1.04777935610465
119.33450113363097        1.047635507658469
119.33450113363097        1.0475483492315711
119.37626194331206        1.0475429931595617
119.57781295375241        1.0475171430447356
119.57781295375241        1.0474334430880157
119.59208033062566        1.0474321106816382
119.64042086174479        1.0474275962405803
119.64042086174479        1.0475831035739074
119.6984843541935         1.0475773153722532
119.7175058102924         1.047634611818562
119.7175058102924         1.047575419171749
120                       1.0475847681143606
120.08764917395115        1.0475618580648085
120.10712121683716        1.047571862132449
120.10712121683716        1.047556768393711
121.1651406790512         1.0473658197664109
121.1651406790512         1.047371379986441
121.41783065379926        1.047324920818881
121.41783065379926        1.0472671717560635
122.17615762903802        1.0471566915075878
122.45634961120632        1.0471553678626337
122.45634961120632        1.0471158704886585
122.50232084735481        1.0471475900559402
122.50232084735481        1.0471459888229042
122.64953774307604        1.0470672563091439
122.64953774307604        1.0471235468284117
122.73586364900054        1.0470539708873294
123.39412201887657        1.0469526659544357
123.39412201887657        1.046980547053474
123.55355572996524        1.0469537544379854
123.74926567857233        1.0469481354871575
123.74926567857233        1.0469208656507616
125                       1.0467559777652133
126.10907300456537        1.0466136497859124
126.10907300456537        1.0466525503017479
126.49426630629617        1.046576082415649
127.69230337237889        1.0464592395166465
127.69230337237889        1.0464327553973607
128.06457351294642        1.0463978856558567
128.06457351294642        1.0463885322765663
128.29492189267222        1.046389136226778
128.29492189267222        1.0463713258445027
128.79362699096987        1.0463529261187852
128.93453831274448        1.0463426947933059
128.93453831274448        1.0463224539140552
130.42472604996533        1.0462101186261616
130.42472604996533        1.0462398780280338
130.67174449065323        1.0462194662058373
130.8286356848305         1.0462065018492053
130.8286356848305         1.046185875251571
132.75125021150205        1.0460598783238277
132.75125021150205        1.0460814204466544
133.079240370373          1.0460537366747373
133.16545300439955        1.0460464599597745
133.16545300439955        1.0461088163247032
133.70473886056317        1.0460588690830672
133.70473886056317        1.0460385118132958
134.39440101275105        1.0459936798654192
134.39440101275105        1.0459682685902065
135.31652940072792        1.0459086627061984
135.31652940072792        1.0458818011272775
138.9859025169412         1.0456978791804115
138.9859025169412         1.045702202480598
140.41942441052043        1.0456519391849666
140.41942441052043        1.0456434677028432
141.69551320920277        1.0455895328589495
143.62282007251625        1.045477434639527
143.62282007251625        1.0454952791200471
143.70341569718218        1.0454214087511287
143.70341569718218        1.0454730313047444
143.76152365340363        1.045419172977822
143.7816921795339         1.0454183969695898
143.7816921795339         1.0454638824301274
145.70160321493123        1.0454116651395748
145.70160321493123        1.0453932630688139
147.63723153269842        1.045355265241314
147.63723153269842        1.0453522328232498
150.0018960435881         1.0452912108727497
151.6334528046434         1.0452491073204475
151.6334528046434         1.045242989281198
153.15061679730383        1.0451772401213746
153.15061679730383        1.0452181047286464
156.90639149994598        1.0451175844394698
156.90639149994598        1.045146289213423
157.0380619098874         1.0451443339961868
157.0380619098874         1.0451486613364933
164.97119561388268        1.0451619246957085
164.97119561388268        1.0451054458341005
165.25479748939705        1.0451157789800822
165.25479748939705        1.0451609137046558
165.26072296684927        1.045116296652753
165.26072296684927        1.0451158034412313
165.26332497668596        1.0450872172918295
165.26332497668596        1.0451163102627374
165.26376804072822        1.0450872194096434
165.2638744478077         1.0450872199182615
165.2638744478077         1.0450713509353218
165.26389077373588        1.0450713510242624
165.26578153130677        1.0450837979645944
165.26578153130677        1.0450713613247515
165.26963762600957        1.0450838064591574
165.3204084208979         1.045119471528472
165.3204084208979         1.045083918301776
175.2556158534452         1.0450862820866826
175.2556158534452         1.0450871154726098
175.367289188901          1.0450862616939125
177.13161535858586        1.0450859395086922
177.13161535858586        1.0450875704931708
179.19251172701888        1.04510920120991
179.19251172701888        1.0450989329471876
180.27089825407307        1.0451087091844304
183.88467397903804        1.0451063751569603
183.88467397903804        1.0451070603602945
184.57554445271893        1.0451087741079672
184.57554445271893        1.0451056588242105
192.79085314972014        1.0450825597261961
192.79085314972014        1.0450876391766089
192.79222889962767        1.0450825579204626
192.79256366015915        1.0450825574810743
192.79256366015915        1.0450992735933446
192.79737111389719        1.0450992767581817
192.79737111389719        1.0450905898604912
192.79856905708556        1.0451002588434295
192.79856905708556        1.0450905891461724
192.8001953471918         1.0450943001687967
192.8001953471918         1.0451002580014157
192.80308769974863        1.0450950793821694
192.80308769974863        1.0450942917852766
192.80625464550772        1.04509506764644
199.1792245570393         1.045070719968323
199.1792245570393         1.0450714513747543
206.89931904349746        1.045036526972452
206.89931904349746        1.0450401863978716
207.41483066762112        1.0450457456103428
207.41483066762112        1.0450341040707125
207.63214730557172        1.045043772282705
207.63214730557172        1.04504439485822
207.93932055195222        1.0450421773270289
207.93932055195222        1.0450478411777684
208.08905557121966        1.0450422227345662
208.08905557121966        1.0450473656360149
210.17441639869847        1.0450392980145298
210.17441639869847        1.0450368220838697
213.08610249716546        1.0450305519121383
213.08610249716546        1.0450251510157993
215.5798644656479         1.0450199726940133
219.59031423214574        1.0450140215171562
219.59031423214574        1.0450116449547744
219.6619151901036         1.0450155217464443
219.6619151901036         1.045013837220412
219.85766358596618        1.0450152561176016
220.53242160133877        1.0450138115573195
220.53242160133877        1.0450143404769396
227.9670087790476         1.0450147571295259
227.9670087790476         1.045012350418184
229.2151461409985         1.0450151112503558
230.58307464284098        1.0450168124057762
230.58307464284098        1.0450154993582608
231.64560382201708        1.0450188553972213
231.64560382201708        1.0450167405034385
233.43742825170017        1.0450200715274802
234.1372035875174         1.0450205464724278
234.1372035875174         1.0450179593470585
235.6635684773259         1.0450200376961751
235.6635684773259         1.045020441400249
238.32465201548808        1.0450248395959862
240.91147651870233        1.045028198878062
240.91147651870233        1.0450295074960785
241.74062035215357        1.0450296011581797
242.47441660585926        1.0450305754789033
245.04883965285632        1.0450339937489121
254.14913319276394        1.0450390121858564
254.14913319276394        1.0450401545257677
262.33660126530833        1.045020756900501
271.0560087577929         1.044988766956516
271.0560087577929         1.0449947400702784
279.70563080771336        1.0449826908640527
287.96288432282194        1.0449978525457382
287.96288432282194        1.0449949375939704
296.35607535562787        1.0450471668196908
296.35607535562787        1.0450482745718115
296.7400518501102         1.045048660348125
296.7400518501102         1.045049685105594
297.3921206941614         1.045052002628749
297.3921206941614         1.045052919533786
301.71844871590656        1.0450760272190744
303.30051545674127        1.045084812615171
303.30051545674127        1.0450841540292888
305.1783544093622         1.0450933508064792
305.1783544093622         1.045093841900227
307.8455473213004         1.0451048875444813
307.8708739655672         1.0451043904873785
307.8708739655672         1.045104997092935
311.540558124736          1.0451159251894315
314.01534417695404        1.0451211936165392
314.05056978637776        1.0451209598562936
314.05056978637776        1.0451212686062763
315.44272989442385        1.045122585692098
315.44272989442385        1.045122180603326
319.5800520985945         1.045126602260369
319.5800520985945         1.0451259161038247
322.23760488778873        1.0451227982660498
323.05338631046055        1.0451215553491242
323.16138141381754        1.0451226200189236
323.16138141381754        1.0451213539342703
333.6747918148857         1.0450827016133557
333.6747918148857         1.045083800971275
341.07676715006187        1.0450329493083446
344.36905412750207        1.0450113965364904
344.76342376856746        1.0450087966302375
347.44859849647344        1.0449918134426532
354.19813221563805        1.0449468145938592
354.19813221563805        1.0449546701613832
363.58359068689856        1.0449410825058383
363.58359068689856        1.0449405702157455
365.53440254865353        1.0449452333733513
365.53440254865353        1.044944502470619
365.9670949061789         1.0449453997405576
366.32531066991487        1.0449433174727991
366.32531066991487        1.0449461425691071
374.72147261639054        1.0449655305079628
374.72147261639054        1.0449658843242606
384.4748430415376         1.0450142348914522
384.4748430415376         1.0450136523255753
385.97618547899367        1.0450215768440168
387.2815238074287         1.0450271722038593
388.0998374326282         1.0450311151110094
388.7373867701582         1.0450343557477193
388.7373867701582         1.04503393912588
396.64369414016716        1.0450617838536673
396.64369414016716        1.045066392413801
407.4097624832335         1.0450740832538588
407.4097624832335         1.0450775196813702
407.556567711354          1.0450741460999593
407.5931045766382         1.0450741617410884
407.5931045766382         1.0450717544003498
407.6924461909293         1.0450712157088229
407.6924461909293         1.0450717412491195
418.5659156639438         1.0450527744965679
418.5659156639438         1.045057126244073
428.1973738241316         1.045039048108931
438.15771250130757        1.0450354764493128
438.15771250130757        1.0450331498927132
446.82024027991696        1.0450403563697022
446.82024027991696        1.0450406323170915
447.0631397209932         1.0450406270398243
457.7495093386713         1.0450507703716785
457.7495093386713         1.0450521241845137
467.9713200921131         1.0450575275177032
468.4164621552193         1.0450574205663687
470.20345489544957        1.0450562927816718
470.20345489544957        1.045055866412666
472.02853412867904        1.0450540082836786
472.02853412867904        1.0450508914365337
474.101184855138          1.0450445278450975
477.9196085894711         1.0450268131505376
481.57317752828317        1.0450018823095513
481.57317752828317        1.0450030172357576
483.2336162428554         1.0449863800935641
483.2336162428554         1.0449871726782587
486.2648336209179         1.0449531470113138
486.2648336209179         1.0449521830554742
488.1070908629074         1.0449328541070606
489.96800336587563        1.0449059104835992
489.96800336587563        1.0449133294277964
490.290606017915          1.0448992131229666
490.290606017915          1.0449022412350069
490.3641108166857         1.0448982409281253
491.18910494039824        1.044887272266664
492.48144274684194        1.0448663472625943
492.7574147600458         1.0448608852295356
492.7574147600458         1.0448618788368695
493.795370226687          1.0448438453490922
493.795370226687          1.044840128889295
495.2659414789457         1.0448143742451101
495.2659414789457         1.0448134128930417
496.1345770362028         1.0447970599012484
496.1541677980118         1.0447961469080769
496.1541677980118         1.044796669402398
496.26917969373585        1.0447934231114848
496.7973658524206         1.0447796569385444
496.7973658524206         1.0447809142170783
498.97806463508573        1.0447280720645207
498.97806463508573        1.0447269346058843
499.1745824578683         1.0447229492238224
500.7282301040872         1.0446825393171728
501.17466521926326        1.0446715922276393
501.17466521926326        1.0446696889432987
502.3997904240889         1.044632733351779
502.6091639080564         1.0446245001172083
502.6091639080564         1.0446260923830113
504.1439222333345         1.044572462534398
504.1439222333345         1.0445733817669502
505.12065081970513        1.0445380425561517
505.12065081970513        1.044536723507504
505.2883728812165         1.044531434677794
505.5345103505547         1.0445225282064077
505.5345103505547         1.0445217374057598
507.5993014614184         1.044434106193317
507.5993014614184         1.044431026739827
507.64565618091916        1.0444289513587364
507.65208498615857        1.0444277935067512
507.65208498615857        1.0444286635299893
507.73503978341785        1.0444232192148974
507.73503978341785        1.0444238321940769
509.30887654062406        1.0443489429607506
510.24200595646175        1.044303391887916
510.24200595646175        1.0442997702250176
511.0975215090832         1.044255708792142
511.0975215090832         1.044251510274666
511.32370206190365        1.0442383767100207
511.7638299620203         1.0442131350765402
511.7638299620203         1.0442128199229486
513.2498648703207         1.044117484153868
513.2498648703207         1.044119942617222
513.388329308222          1.0441145318270344
513.388329308222          1.044108544868662
513.6771264577956         1.0440944355993362
513.7056707231245         1.04408643649062
513.7056707231245         1.0440924493191515
513.7312678239881         1.0440848627953814
513.7816985505469         1.0440811988247496
513.7816985505469         1.0440839731284524
515.5276114993411         1.043961407449506
515.5276114993411         1.0439581502450541
515.5585961170423         1.0439590028628367
515.5585961170423         1.0439526408332078
515.9309940652114         1.043923236827023
516                       1.0439177882176973
