0                         0.020256567125827532
0.025000000000142394      0.020537053943733098
0.05000000000028479       0.020573543219987743
0.07500000000025722       0.020690687186153352
0.10000000000000002       0.02069440634861802
0.12726511187889486       0.020704508538162608
0.16066857491325381       0.020844125083372033
0.20283949452880481       0.020854623865642526
0.2560790780833631        0.020975261899764074
0.32329253424923593       0.02117895815635576
0.4081476061364734        0.02132421554070745
0.5152747148396544        0.02159830074748524
0.6505196348070031        0.021981924351435804
0.821250054620197         0.02242571604038627
1.0339142520994922        0.022942975764900543
1.2793682960783892        0.023558618113458267
1.500000000000004         0.02412195566322731
1.711968362183495         0.02433524962944013
2.000000000000004         0.025243826895222348
2.288031637816513         0.02644239124996558
2.500000000000004         0.02670917316860474
2.7294771948486174        0.027199138316290027
3.0647921802936455        0.028715180616715182
3.5599371460298435        0.030406750983368706
4.291282856819823         0.03262770797366911
5.371504998814266         0.03667314763569972
6.967029350208019         0.04452970322792516
9.323672386077355         0.054021992229340045
12.804513317080096        0.07669452294018694
17.945832369412276        0.1316614951725012
25.53973266604401         0.23399470924254254
36.75522895424904         0.5464291835107942
53.18968461266227         0.5431178620272206
74.38683137721814         0.29002685329721045
93.05348949169912         0.08796297362687645
105.76034683926166        0.029214523748687007
114.29118015931012        0.015535109348744844
119.99999999999999        0.010401109763267618
125                       0.007782094734417265
130.71084207612049        0.0051076276318688
139.23879349240178        0.0027478343560269356
151.8826033445718         0.0011344740321796716
170.5054798406429         3.5735303364504224E-4
197.93449827926761        9.107480928205507E-5
238.27294330204327        6.508679449001163E-5
294.0011641737604         9.309561282289054E-5
356.3825853059709         8.162950884151709E-5
409.4287496928084         9.575902645998827E-5
447.3200152110569         0.001276680361938233
473.0779637722257         0.006815170626209569
490.4882927803886         0.020242248384281698
502.32496971075335        0.04307966621483707
510.423510460244          0.07252956026012244
516                       0.09050144230278838
