0                         498.72270207429005
0.025000000000142394      492.7763703646719
0.05000000000028479       486.9474362028412
0.07500000000025722       481.25435439123487
0.10000000000000002       475.63187221730357
0.12726511187889486       469.71819307066244
0.16066857491325381       462.5858695914751
0.20283949452880481       453.86643411467736
0.2560790780833631        443.29384923939284
0.32329253424923593       430.52956596064416
0.4081476061364734        415.31634046020156
0.5152747148396544        397.4566907219596
0.6505196348070031        376.60018234138744
0.821250054620197         353.02040053851954
1.0339142520994922        326.7954618736468
1.2793682960783892        300.7716256300127
1.500000000000004         280.08110513511025
1.711968362183495         262.17788001010774
2.000000000000004         240.86540731607872
2.288031637816513         222.26816937657233
2.500000000000004         209.86525655626832
2.7294771948486174        197.86737004538384
3.0647921802936455        181.88390348790938
3.5599371460298435        161.624111261713
4.291282856819823         137.1916381852047
5.371504998814266         110.49473441344124
6.967029350208019         82.06372761649837
9.323672386077355         56.56818140570245
12.804513317080096        35.246359954462356
17.945832369412276        19.00031473431785
25.53973266604401         9.292237312538811
36.75522895424904         3.7409642463252104
53.18968461266227         1.798537158067909
74.38683137721814         1.1995880241321624
93.05348949169912         1.0871351651870464
105.76034683926166        1.066191103588621
114.29118015931012        1.0568235031213065
119.99999999999999        1.0531341700834143
125                       1.0507297891619904
130.71084207612049        1.0488673871949534
139.23879349240178        1.0471770293897746
151.8826033445718         1.0460309141904462
170.5054798406429         1.045451988420594
197.93449827926761        1.0452894088559912
238.27294330204327        1.0451691760119561
294.0011641737604         1.0449637003670735
356.3825853059709         1.0447253942638615
409.4287496928084         1.0449572258786461
447.3200152110569         1.0447688935245312
473.0779637722257         1.041709568705177
490.4882927803886         1.032101630528532
502.32496971075335        1.0151300393505711
510.423510460244          0.9931689405297064
516                       0.970777382268664
